Iteration Num of Simuation:0
m_SimulationDeltaT of action plan:0
boidNo = 0
boid Wall No = 0
position = = (0.3, -9.1, 4.1)
Boid Radius= 10
Boid Frame=
 0.99951	0.02754	0.01493	0.27536
0.01902	-0.91231	0.40905	-9.12315
-0.02489	0.40856	0.91239	4.08563
0.00000	0.00000	0.00000	1.00000

boidNo = 1
boid Wall No = 1
position = = (-1.4, 1.2, 9.8)
Boid Radius= 9.999999
Boid Frame=
 0.67419	-0.14296	0.72459	-1.42960
-0.71470	0.12109	0.68887	1.21087
0.18622	0.98229	0.02054	9.82293
0.00000	0.00000	0.00000	1.00000

boidNo = 2
boid Wall No = 0
position = = (7.1, -7.0, -0.4)
Boid Radius= 9.999999
Boid Frame=
 -0.21322	0.71365	0.66726	7.13652
-0.16909	-0.69962	0.69422	-6.99616
-0.96226	-0.03519	-0.26985	-0.35193
0.00000	0.00000	0.00000	1.00000

boidNo = 3
boid Wall No = 1
position = = (-9.4, 3.4, -0.5)
Boid Radius= 10
Boid Frame=
 -0.24995	-0.94000	0.23222	-9.39999
-0.57847	0.33730	0.74270	3.37298
0.77647	-0.05131	0.62807	-0.51310
0.00000	0.00000	0.00000	1.00000

boidNo = 4
boid Wall No = 1
position = = (-1.4, 8.1, 5.7)
Boid Radius= 9.999999
Boid Frame=
 0.82094	-0.14471	0.55238	-1.44714
-0.22059	0.81189	0.54053	8.11890
0.52669	0.56559	-0.63459	5.65591
0.00000	0.00000	0.00000	1.00000

boidNo = 5
boid Wall No = 1
position = = (5.1, 5.3, -6.8)
Boid Radius= 10
Boid Frame=
 -0.42969	0.51327	-0.74291	5.13269
-0.52672	0.52579	0.66791	5.25794
-0.73344	-0.67830	-0.04442	-6.78304
0.00000	0.00000	0.00000	1.00000

boidNo = 6
boid Wall No = 0
position = = (-5.0, -4.6, 7.4)
Boid Radius= 10
Boid Frame=
 0.84476	-0.50049	0.18945	-5.00493
-0.44363	-0.45696	0.77096	-4.56962
0.29929	0.73532	0.60806	7.35318
0.00000	0.00000	0.00000	1.00000

boidNo = 7
boid Wall No = 1
position = = (-9.7, 2.4, 0.2)
Boid Radius= 10
Boid Frame=
 -0.13906	-0.97087	0.19511	-9.70874
-0.63765	0.23853	0.73247	2.38526
0.75767	0.02256	0.65224	0.22557
0.00000	0.00000	0.00000	1.00000

boidNo = 8
boid Wall No = 0
position = = (-4.5, -7.5, -4.8)
Boid Radius= 10
Boid Frame=
 -0.22367	-0.44755	-0.86584	-4.47546
-0.42815	-0.75293	0.49979	-7.52931
0.87559	-0.48249	0.02321	-4.82491
0.00000	0.00000	0.00000	1.00000

boidNo = 9
boid Wall No = 1
position = = (-2.1, 7.6, 6.2)
Boid Radius= 10
Boid Frame=
 0.78601	-0.20803	0.58216	-2.08030
-0.24560	0.75910	0.60286	7.59102
0.56733	0.61684	-0.54557	6.16837
0.00000	0.00000	0.00000	1.00000

boidNo = 10
boid Wall No = 0
position = = (5.8, -6.0, -5.5)
Boid Radius= 9.999999
Boid Frame=
 -0.80861	0.57935	0.10245	5.79349
-0.33937	-0.60156	0.72315	-6.01559
-0.48059	-0.54998	-0.68305	-5.49983
0.00000	0.00000	0.00000	1.00000

boidNo = 11
boid Wall No = 1
position = = (-1.6, 4.5, -8.8)
Boid Radius= 10
Boid Frame=
 -0.85279	-0.15927	-0.49738	-1.59271
-0.51070	0.45353	0.73041	4.53530
-0.10924	-0.87689	0.46810	-8.76894
0.00000	0.00000	0.00000	1.00000

boidNo = 12
boid Wall No = 0
position = = (3.8, -2.2, 9.0)
Boid Radius= 10
Boid Frame=
 0.66683	0.38133	0.64025	3.81335
-0.60750	-0.21942	0.76341	-2.19420
-0.43160	0.89802	-0.08535	8.98019
0.00000	0.00000	0.00000	1.00000

boidNo = 13
boid Wall No = 1
position = = (7.6, 5.6, 3.3)
Boid Radius= 10
Boid Frame=
 0.64755	0.76188	0.01486	7.61879
-0.67024	0.56017	0.48682	5.60165
-0.36257	0.32520	-0.87338	3.25200
0.00000	0.00000	0.00000	1.00000

boidNo = 14
boid Wall No = 1
position = = (-10.0, 0.6, 0.2)
Boid Radius= 10
Boid Frame=
 -0.02758	-0.99783	0.05976	-9.97832
-0.69466	0.06212	0.71665	0.62119
0.71881	0.02175	0.69486	0.21745
0.00000	0.00000	0.00000	1.00000

boidNo = 15
boid Wall No = 0
position = = (-0.4, -8.1, -5.9)
Boid Radius= 10
Boid Frame=
 -0.99185	-0.04207	-0.12025	-0.42069
-0.03722	-0.80703	0.58933	-8.07032
0.12183	-0.58901	-0.79889	-5.89007
0.00000	0.00000	0.00000	1.00000

boidNo = 16
boid Wall No = 1
position = = (-3.1, 8.6, -3.9)
Boid Radius= 10
Boid Frame=
 -0.93680	-0.31374	0.15484	-3.13742
-0.21434	0.86444	0.45476	8.64436
0.27653	-0.39283	0.87705	-3.92832
0.00000	0.00000	0.00000	1.00000

boidNo = 17
boid Wall No = 1
position = = (-9.7, 1.1, -2.1)
Boid Radius= 10
Boid Frame=
 -0.22135	-0.97234	-0.07454	-9.72342
-0.71694	0.11044	0.68833	1.10442
0.66106	-0.20580	0.72156	-2.05801
0.00000	0.00000	0.00000	1.00000

boidNo = 18
boid Wall No = 1
position = = (6.2, 7.5, 2.0)
Boid Radius= 10
Boid Frame=
 0.54415	0.62391	-0.56093	6.23907
-0.23377	0.75485	0.61283	7.54849
-0.80576	0.20235	-0.55660	2.02346
0.00000	0.00000	0.00000	1.00000

boidNo = 19
boid Wall No = 1
position = = (7.0, 3.7, 6.1)
Boid Radius= 10
Boid Frame=
 0.66345	0.70292	0.25639	7.02918
-0.64972	0.37130	0.66332	3.71299
-0.37107	0.60667	-0.70304	6.06666
0.00000	0.00000	0.00000	1.00000

