Iteration Num of Simuation:0
m_SimulationDeltaT of action plan:0
boidNo = 0
boid Wall No = 1
position = = (-3.0, 9.3, -2.0)
Boid Radius= 10
Boid Frame=
 -0.50760	-0.29807	0.80839	-2.98070
0.02314	0.93320	0.35862	9.33196
0.86128	-0.20075	0.46679	-2.00746
0.00000	0.00000	0.00000	1.00000

boidNo = 1
boid Wall No = 0
position = = (-0.9, -10.0, -0.2)
Boid Radius= 10
Boid Frame=
 -0.39242	-0.09302	-0.91507	-0.93024
0.01725	-0.99544	0.09380	-9.95442
0.91962	-0.02102	-0.39223	-0.21023
0.00000	0.00000	0.00000	1.00000

boidNo = 2
boid Wall No = 0
position = = (-7.8, -2.8, 5.5)
Boid Radius= 10
Boid Frame=
 0.42065	-0.78205	0.45984	-7.82053
-0.89731	-0.28393	0.33795	-2.83935
0.13373	0.55477	0.82118	5.54774
0.00000	0.00000	0.00000	1.00000

boidNo = 3
boid Wall No = 1
position = = (-1.4, 1.3, -9.8)
Boid Radius= 10
Boid Frame=
 -0.76638	-0.13976	-0.62700	-1.39756
-0.64186	0.12703	0.75622	1.27030
0.02604	-0.98200	0.18706	-9.82004
0.00000	0.00000	0.00000	1.00000

boidNo = 4
boid Wall No = 1
position = = (5.7, 4.4, -6.9)
Boid Radius= 10
Boid Frame=
 -0.37584	0.57176	-0.72927	5.71764
-0.60600	0.44372	0.66020	4.43725
-0.70107	-0.69007	-0.17972	-6.90069
0.00000	0.00000	0.00000	1.00000

boidNo = 5
boid Wall No = 1
position = = (2.7, 4.1, -8.7)
Boid Radius= 10
Boid Frame=
 -0.51034	0.26846	-0.81700	2.68456
-0.70722	0.40950	0.57632	4.09499
-0.48928	-0.87192	0.01913	-8.71919
0.00000	0.00000	0.00000	1.00000

boidNo = 6
boid Wall No = 1
position = = (4.8, 8.8, -0.5)
Boid Radius= 10
Boid Frame=
 0.03168	0.47981	-0.87680	4.79810
-0.07772	0.87577	0.47644	8.75767
-0.99647	-0.05305	-0.06503	-0.53053
0.00000	0.00000	0.00000	1.00000

boidNo = 7
boid Wall No = 0
position = = (-2.6, -0.6, 9.6)
Boid Radius= 10
Boid Frame=
 0.67176	-0.25743	0.69460	-2.57432
-0.72787	-0.05514	0.68349	-0.55136
0.13766	0.96472	0.22442	9.64722
0.00000	0.00000	0.00000	1.00000

boidNo = 8
boid Wall No = 1
position = = (-1.4, 8.6, -4.9)
Boid Radius= 10
Boid Frame=
 -0.98771	-0.14124	0.06696	-1.41243
-0.08957	0.86250	0.49806	8.62503
0.12810	-0.48594	0.86455	-4.85941
0.00000	0.00000	0.00000	1.00000

boidNo = 9
boid Wall No = 0
position = = (0.8, -4.4, 8.9)
Boid Radius= 10
Boid Frame=
 -0.14876	0.08486	0.98523	0.84859
-0.89162	-0.44238	-0.09652	-4.42379
-0.42765	0.89280	-0.14147	8.92805
0.00000	0.00000	0.00000	1.00000

boidNo = 10
boid Wall No = 1
position = = (7.0, 4.0, 6.0)
Boid Radius= 10
Boid Frame=
 0.70572	0.69573	0.13387	6.95728
-0.53354	0.39756	0.74652	3.97559
-0.46615	0.59826	-0.65176	5.98255
0.00000	0.00000	0.00000	1.00000

boidNo = 11
boid Wall No = 0
position = = (-1.7, -9.7, -1.8)
Boid Radius= 10
Boid Frame=
 -0.98478	-0.16840	-0.04309	-1.68399
0.15733	-0.96891	0.19097	-9.68906
0.07391	-0.18128	-0.98065	-1.81284
0.00000	0.00000	0.00000	1.00000

boidNo = 12
boid Wall No = 0
position = = (-1.3, -9.1, -4.0)
Boid Radius= 10
Boid Frame=
 -0.98291	-0.12606	-0.13415	-1.26058
0.05943	-0.90701	0.41689	-9.07010
0.17423	-0.40180	-0.89900	-4.01799
0.00000	0.00000	0.00000	1.00000

boidNo = 13
boid Wall No = 1
position = = (4.3, 8.8, -1.9)
Boid Radius= 10
Boid Frame=
 -0.01567	0.43396	-0.90080	4.33957
-0.20825	0.87974	0.42743	8.79735
-0.97795	-0.19429	-0.07659	-1.94286
0.00000	0.00000	0.00000	1.00000

boidNo = 14
boid Wall No = 1
position = = (2.9, 9.4, -1.7)
Boid Radius= 10
Boid Frame=
 -0.18031	0.28951	-0.94004	2.89512
-0.11917	0.94223	0.31305	9.42232
-0.97636	-0.16847	0.13539	-1.68468
0.00000	0.00000	0.00000	1.00000

boidNo = 15
boid Wall No = 1
position = = (5.7, 7.3, 3.8)
Boid Radius= 10
Boid Frame=
 0.77403	0.56783	-0.28007	5.67829
-0.31860	0.73159	0.60272	7.31586
-0.54714	0.37730	-0.74718	3.77296
0.00000	0.00000	0.00000	1.00000

boidNo = 16
boid Wall No = 0
position = = (-1.9, -5.0, -8.5)
Boid Radius= 10
Boid Frame=
 -0.63554	-0.18992	-0.74835	-1.89918
-0.59529	-0.49669	0.63161	-4.96694
0.49165	-0.84689	-0.20261	-8.46892
0.00000	0.00000	0.00000	1.00000

boidNo = 17
boid Wall No = 1
position = = (-1.6, 9.7, 1.7)
Boid Radius= 10
Boid Frame=
 0.59301	-0.15562	0.79001	-1.55621
-0.04688	0.97281	0.22682	9.72809
0.80383	0.17154	-0.56959	1.71537
0.00000	0.00000	0.00000	1.00000

boidNo = 18
boid Wall No = 1
position = = (-3.3, 8.8, -3.4)
Boid Radius= 10
Boid Frame=
 -0.78312	-0.33047	0.52679	-3.30465
-0.05619	0.88125	0.46929	8.81253
0.61932	-0.33792	0.70870	-3.37915
0.00000	0.00000	0.00000	1.00000

boidNo = 19
boid Wall No = 1
position = = (-1.2, 9.3, 3.4)
Boid Radius= 9.999999
Boid Frame=
 0.82350	-0.12117	0.55423	-1.21165
-0.09656	0.93274	0.34739	9.32735
0.55904	0.33959	-0.75640	3.39594
0.00000	0.00000	0.00000	1.00000

