Iteration Num of Simuation:0
m_SimulationDeltaT of action plan:0
boidNo = 0
boid Wall No = 0
position = = (9.2, -1.6, 3.6)
Boid Radius= 10
Boid Frame=
 0.20471	0.91964	0.33520	9.19639
-0.58880	-0.15787	0.79271	-1.57867
-0.78193	0.35964	-0.50916	3.59643
0.00000	0.00000	0.00000	1.00000

boidNo = 1
boid Wall No = 0
position = = (-0.9, -9.6, 2.5)
Boid Radius= 10
Boid Frame=
 0.90709	-0.08674	-0.41191	-0.86735
0.02660	-0.96477	0.26173	-9.64774
0.42010	0.24837	0.87283	2.48372
0.00000	0.00000	0.00000	1.00000

boidNo = 2
boid Wall No = 0
position = = (0.9, -9.1, -3.9)
Boid Radius= 10
Boid Frame=
 -0.99422	0.08519	0.06537	0.85185
-0.05208	-0.91495	0.40018	-9.14955
-0.09390	-0.39446	-0.91410	-3.94463
0.00000	0.00000	0.00000	1.00000

boidNo = 3
boid Wall No = 0
position = = (-5.5, -7.7, 3.1)
Boid Radius= 10
Boid Frame=
 0.54145	-0.55289	-0.63336	-5.52892
-0.04991	-0.77315	0.63226	-7.73151
0.83925	0.31072	0.44622	3.10722
0.00000	0.00000	0.00000	1.00000

boidNo = 4
boid Wall No = 0
position = = (-0.6, -9.9, -1.2)
Boid Radius= 10
Boid Frame=
 -0.88742	-0.05745	-0.45737	-0.57451
-0.00624	-0.99061	0.13655	-9.90614
0.46092	-0.12403	-0.87873	-1.24031
0.00000	0.00000	0.00000	1.00000

boidNo = 5
boid Wall No = 0
position = = (4.1, -9.1, -1.0)
Boid Radius= 10
Boid Frame=
 -0.27373	0.40972	0.87017	4.09722
-0.01559	-0.90650	0.42192	-9.06497
-0.96168	-0.10193	-0.25452	-1.01932
0.00000	0.00000	0.00000	1.00000

boidNo = 6
boid Wall No = 1
position = = (0.6, 0.6, 10.0)
Boid Radius= 10
Boid Frame=
 0.21997	0.06201	0.97353	0.62007
-0.97434	0.06268	0.21616	0.62679
0.04762	0.99611	-0.07420	9.96106
0.00000	0.00000	0.00000	1.00000

boidNo = 7
boid Wall No = 1
position = = (-0.4, 0.4, -10.0)
Boid Radius= 10
Boid Frame=
 -0.72139	-0.04291	-0.69120	-0.42906
-0.69250	0.03597	0.72052	0.35965
0.00606	-0.99843	0.05566	-9.98432
0.00000	0.00000	0.00000	1.00000

boidNo = 8
boid Wall No = 1
position = = (7.1, 3.6, 6.0)
Boid Radius= 10
Boid Frame=
 0.63177	0.71398	0.30183	7.13981
-0.70364	0.36486	0.60973	3.64856
-0.32521	0.59759	-0.73289	5.97588
0.00000	0.00000	0.00000	1.00000

boidNo = 9
boid Wall No = 1
position = = (-7.2, 6.9, -0.1)
Boid Radius= 10
Boid Frame=
 -0.31531	-0.72206	0.61581	-7.22056
-0.31824	0.69178	0.64820	6.91783
0.89404	-0.00840	0.44791	-0.08405
0.00000	0.00000	0.00000	1.00000

boidNo = 10
boid Wall No = 0
position = = (-5.9, -7.7, -2.6)
Boid Radius= 10
Boid Frame=
 0.79268	-0.58661	-0.16596	-5.86610
-0.60954	-0.76746	-0.19866	-7.67461
0.01083	-0.25864	0.96591	-2.58635
0.00000	0.00000	0.00000	1.00000

boidNo = 11
boid Wall No = 1
position = = (0.9, 6.7, -7.4)
Boid Radius= 10
Boid Frame=
 -0.25820	0.08855	-0.96202	0.88552
-0.69747	0.67194	0.24905	6.71941
-0.66848	-0.73529	0.11173	-7.35292
0.00000	0.00000	0.00000	1.00000

boidNo = 12
boid Wall No = 0
position = = (-1.0, -9.6, -2.7)
Boid Radius= 10
Boid Frame=
 -0.98392	-0.09798	-0.14936	-0.97983
0.05271	-0.95816	0.28134	-9.58160
0.17067	-0.26894	-0.94791	-2.68941
0.00000	0.00000	0.00000	1.00000

boidNo = 13
boid Wall No = 0
position = = (0.0, -9.0, -4.4)
Boid Radius= 10
Boid Frame=
 -1.00000	0.00188	0.00073	0.01876
-0.00136	-0.89746	0.44109	-8.97461
-0.00148	-0.44109	-0.89746	-4.41090
0.00000	0.00000	0.00000	1.00000

boidNo = 14
boid Wall No = 1
position = = (-1.7, 9.6, 2.1)
Boid Radius= 10
Boid Frame=
 0.05878	-0.16672	0.98425	-1.66721
-0.20060	0.96387	0.17525	9.63871
0.97791	0.20774	-0.02321	2.07742
0.00000	0.00000	0.00000	1.00000

boidNo = 15
boid Wall No = 1
position = = (2.2, 0.8, 9.7)
Boid Radius= 10
Boid Frame=
 0.67430	0.21573	0.70624	2.15726
-0.73262	0.07545	0.67644	0.75450
-0.09264	0.97353	-0.20892	9.73535
0.00000	0.00000	0.00000	1.00000

boidNo = 16
boid Wall No = 0
position = = (-0.7, -9.8, 1.7)
Boid Radius= 10
Boid Frame=
 0.92892	-0.06808	-0.36398	-0.68078
-0.00002	-0.98296	0.18381	-9.82962
0.37029	0.17074	0.91309	1.70737
0.00000	0.00000	0.00000	1.00000

boidNo = 17
boid Wall No = 0
position = = (-5.5, -8.3, 1.2)
Boid Radius= 10
Boid Frame=
 0.18563	-0.54830	-0.81542	-5.48301
0.02183	-0.82734	0.56128	-8.27335
0.98238	0.12199	0.14161	1.21994
0.00000	0.00000	0.00000	1.00000

boidNo = 18
boid Wall No = 1
position = = (1.0, 7.0, 7.1)
Boid Radius= 10
Boid Frame=
 0.90180	0.10063	0.42027	1.00625
-0.36395	0.70120	0.61308	7.01196
0.23300	0.70583	-0.66896	7.05832
0.00000	0.00000	0.00000	1.00000

boidNo = 19
boid Wall No = 0
position = = (5.6, -1.8, 8.1)
Boid Radius= 10
Boid Frame=
 0.50530	0.55885	0.65754	5.58848
-0.70144	-0.17785	0.69018	-1.77845
-0.50265	0.80998	-0.30213	8.09976
0.00000	0.00000	0.00000	1.00000

