Iteration Num of Simuation:0
m_SimulationDeltaT of action plan:0
boidNo = 0
boid Wall No = 1
position = = (-8.7, 1.4, -4.7)
Boid Radius= 10
Boid Frame=
 -0.42707	-0.87339	-0.23409	-8.73392
-0.68235	0.14143	0.71722	1.41427
0.59330	-0.46603	0.65636	-4.66031
0.00000	0.00000	0.00000	1.00000

boidNo = 1
boid Wall No = 1
position = = (-5.0, 2.4, 8.4)
Boid Radius= 10
Boid Frame=
 0.60353	-0.49629	0.62405	-4.96294
-0.59763	0.23653	0.76609	2.36528
0.52781	0.83531	0.15385	8.35313
0.00000	0.00000	0.00000	1.00000

boidNo = 2
boid Wall No = 0
position = = (-6.6, -7.5, 0.5)
Boid Radius= 10
Boid Frame=
 0.19968	-0.66308	-0.72143	-6.63079
-0.10567	-0.74653	0.65691	-7.46531
0.97415	0.05493	0.21913	0.54934
0.00000	0.00000	0.00000	1.00000

boidNo = 3
boid Wall No = 0
position = = (2.1, -2.2, 9.5)
Boid Radius= 10
Boid Frame=
 0.67026	0.20972	0.71188	2.09723
-0.67755	-0.21842	0.70229	-2.18423
-0.30278	0.95305	0.00430	9.53052
0.00000	0.00000	0.00000	1.00000

boidNo = 4
boid Wall No = 0
position = = (3.6, -6.9, 6.3)
Boid Radius= 10
Boid Frame=
 0.73467	0.35837	0.57605	3.58365
-0.20490	-0.69223	0.69197	-6.92233
-0.64674	0.62641	0.43513	6.26409
0.00000	0.00000	0.00000	1.00000

boidNo = 5
boid Wall No = 0
position = = (-6.1, -3.9, -6.9)
Boid Radius= 10
Boid Frame=
 -0.50025	-0.61029	-0.61424	-6.10294
-0.48613	-0.38907	0.78250	-3.89072
0.71654	-0.69005	0.10205	-6.90046
0.00000	0.00000	0.00000	1.00000

boidNo = 6
boid Wall No = 1
position = = (2.5, 9.1, -3.2)
Boid Radius= 10
Boid Frame=
 -0.67049	0.25377	-0.69717	2.53771
-0.07639	0.91108	0.40510	9.11077
-0.73797	-0.32487	0.59149	-3.24869
0.00000	0.00000	0.00000	1.00000

boidNo = 7
boid Wall No = 1
position = = (9.1, 0.3, 4.1)
Boid Radius= 10
Boid Frame=
 0.14172	0.90972	0.39029	9.09722
-0.95702	0.02513	0.28894	0.25126
-0.25305	0.41446	-0.87418	4.14458
0.00000	0.00000	0.00000	1.00000

boidNo = 8
boid Wall No = 1
position = = (-5.9, 8.0, -0.7)
Boid Radius= 10
Boid Frame=
 -0.49620	-0.59420	0.63302	-5.94197
-0.29652	0.80125	0.51968	8.01253
0.81600	-0.07017	0.57377	-0.70167
0.00000	0.00000	0.00000	1.00000

boidNo = 9
boid Wall No = 1
position = = (-0.3, 8.9, -4.5)
Boid Radius= 10
Boid Frame=
 -0.99646	-0.02821	-0.07917	-0.28215
-0.06046	0.89498	0.44198	8.94984
-0.05839	-0.44520	0.89352	-4.45205
0.00000	0.00000	0.00000	1.00000

boidNo = 10
boid Wall No = 0
position = = (2.4, -9.7, 1.0)
Boid Radius= 10
Boid Frame=
 -0.80359	0.24329	-0.54318	2.43293
-0.14550	-0.96525	-0.21708	-9.65249
0.57712	0.09541	-0.81107	0.95410
0.00000	0.00000	0.00000	1.00000

boidNo = 11
boid Wall No = 1
position = = (-4.3, 8.1, 3.9)
Boid Radius= 10
Boid Frame=
 0.40774	-0.42793	0.80662	-4.27928
-0.21285	0.81450	0.53971	8.14500
0.88794	0.39175	-0.24101	3.91749
0.00000	0.00000	0.00000	1.00000

boidNo = 12
boid Wall No = 1
position = = (5.7, 7.5, -3.3)
Boid Radius= 10
Boid Frame=
 -0.16931	0.56645	-0.80651	5.66453
-0.28624	0.75479	0.59022	7.54791
-0.94308	-0.33079	-0.03435	-3.30790
0.00000	0.00000	0.00000	1.00000

boidNo = 13
boid Wall No = 1
position = = (8.9, 2.0, 4.1)
Boid Radius= 10
Boid Frame=
 0.43696	0.89229	0.11350	8.92292
-0.60593	0.19874	0.77029	1.98744
-0.66476	0.40536	-0.62751	4.05359
0.00000	0.00000	0.00000	1.00000

boidNo = 14
boid Wall No = 1
position = = (5.4, 8.1, 2.3)
Boid Radius= 10
Boid Frame=
 0.58570	0.54339	-0.60141	5.43389
-0.16614	0.80672	0.56710	8.06719
-0.79332	0.23223	-0.56277	2.32234
0.00000	0.00000	0.00000	1.00000

boidNo = 15
boid Wall No = 0
position = = (1.0, -1.0, 9.9)
Boid Radius= 10
Boid Frame=
 0.71750	0.10199	0.68905	1.01989
-0.68117	-0.10409	0.72469	-1.04085
-0.14563	0.98933	0.00521	9.89325
0.00000	0.00000	0.00000	1.00000

boidNo = 16
boid Wall No = 1
position = = (3.5, 6.1, 7.1)
Boid Radius= 10
Boid Frame=
 0.90454	0.34930	0.24453	3.49297
-0.41754	0.60947	0.67394	6.09474
-0.08637	0.71171	-0.69714	7.11712
0.00000	0.00000	0.00000	1.00000

boidNo = 17
boid Wall No = 0
position = = (-5.0, -7.9, 3.6)
Boid Radius= 10
Boid Frame=
 0.63412	-0.49602	-0.59318	-4.96021
-0.04695	-0.79042	0.61077	-7.90417
0.77181	0.35945	0.52450	3.59449
0.00000	0.00000	0.00000	1.00000

boidNo = 18
boid Wall No = 1
position = = (1.2, 2.6, -9.6)
Boid Radius= 10
Boid Frame=
 -0.76751	0.11653	-0.63036	1.16533
-0.58950	0.25800	0.76546	2.57997
-0.25183	-0.95909	0.12932	-9.59092
0.00000	0.00000	0.00000	1.00000

boidNo = 19
boid Wall No = 1
position = = (4.8, 8.7, -0.6)
Boid Radius= 10
Boid Frame=
 0.00271	0.48421	-0.87495	4.84207
-0.06933	0.87294	0.48288	8.72938
-0.99759	-0.05936	-0.03593	-0.59356
0.00000	0.00000	0.00000	1.00000

