Iteration Num of Simuation:0
m_SimulationDeltaT of action plan:0
boidNo = 0
boid Wall No = 1
position = = (-6.8, 7.3, 0.3)
Boid Radius= 10
Boid Frame=
 -0.34297	-0.68469	0.64309	-6.84694
-0.35582	0.72829	0.58564	7.28294
0.86935	0.02797	0.49341	0.27971
0.00000	0.00000	0.00000	1.00000

boidNo = 1
boid Wall No = 1
position = = (7.3, 0.3, -6.8)
Boid Radius= 10
Boid Frame=
 -0.35037	0.73196	-0.58436	7.31957
-0.83885	0.03229	0.54340	0.32294
-0.41662	-0.68058	-0.60269	-6.80585
0.00000	0.00000	0.00000	1.00000

boidNo = 2
boid Wall No = 1
position = = (5.8, 8.1, -0.9)
Boid Radius= 9.999999
Boid Frame=
 0.07536	0.58409	-0.80819	5.84086
-0.16937	0.80621	0.56687	8.06212
-0.98267	-0.09416	-0.15968	-0.94161
0.00000	0.00000	0.00000	1.00000

boidNo = 3
boid Wall No = 1
position = = (3.8, 9.3, 0.4)
Boid Radius= 10
Boid Frame=
 0.06274	0.37539	-0.92474	3.75394
0.01326	0.92617	0.37687	9.26170
-0.99794	0.03591	-0.05313	0.35906
0.00000	0.00000	0.00000	1.00000

boidNo = 4
boid Wall No = 1
position = = (-6.9, 6.4, 3.4)
Boid Radius= 10
Boid Frame=
 0.11131	-0.68861	0.71654	-6.88607
-0.36929	0.64073	0.67312	6.40731
0.92263	0.33954	0.18297	3.39536
0.00000	0.00000	0.00000	1.00000

boidNo = 5
boid Wall No = 0
position = = (1.0, -8.7, 4.8)
Boid Radius= 10
Boid Frame=
 0.99395	0.10060	-0.04410	1.00603
0.10947	-0.87393	0.47356	-8.73935
-0.00910	0.47552	0.87966	4.75518
0.00000	0.00000	0.00000	1.00000

boidNo = 6
boid Wall No = 0
position = = (0.6, -10.0, -0.6)
Boid Radius= 10
Boid Frame=
 -0.78590	0.05591	0.61583	0.55911
-0.00574	-0.99652	0.08315	-9.96521
-0.61833	-0.06181	-0.78348	-0.61808
0.00000	0.00000	0.00000	1.00000

boidNo = 7
boid Wall No = 1
position = = (-4.5, 4.2, 7.9)
Boid Radius= 10
Boid Frame=
 0.56361	-0.45209	0.69135	-4.52093
-0.55045	0.41849	0.72241	4.18493
0.61592	0.78770	0.01299	7.87703
0.00000	0.00000	0.00000	1.00000

boidNo = 8
boid Wall No = 1
position = = (-0.4, 9.8, 1.7)
Boid Radius= 10
Boid Frame=
 0.94013	-0.03933	0.33855	-0.39330
-0.02248	0.98400	0.17675	9.84000
0.34008	0.17378	-0.92420	1.73775
0.00000	0.00000	0.00000	1.00000

boidNo = 9
boid Wall No = 0
position = = (-2.8, -9.1, 3.0)
Boid Radius= 9.999999
Boid Frame=
 0.47313	-0.27763	-0.83610	-2.77629
0.14089	-0.91299	0.38289	-9.12989
0.86965	0.29895	0.39285	2.98953
0.00000	0.00000	0.00000	1.00000

boidNo = 10
boid Wall No = 0
position = = (9.0, -2.0, -3.9)
Boid Radius= 10
Boid Frame=
 -0.43229	0.89783	-0.08384	8.97830
-0.57323	-0.20184	0.79415	-2.01843
-0.69609	-0.39136	-0.60192	-3.91358
0.00000	0.00000	0.00000	1.00000

boidNo = 11
boid Wall No = 0
position = = (-0.3, -10.0, -0.4)
Boid Radius= 10
Boid Frame=
 -0.80847	-0.02583	-0.58797	-0.25833
-0.00333	-0.99882	0.04846	-9.98819
0.58852	-0.04114	-0.80743	-0.41138
0.00000	0.00000	0.00000	1.00000

boidNo = 12
boid Wall No = 1
position = = (9.1, 1.1, 4.1)
Boid Radius= 10
Boid Frame=
 0.32525	0.90744	0.26603	9.07436
-0.79067	0.10665	0.60288	1.06655
-0.51870	0.40643	-0.75217	4.06430
0.00000	0.00000	0.00000	1.00000

boidNo = 13
boid Wall No = 0
position = = (3.7, -9.2, -1.1)
Boid Radius= 10
Boid Frame=
 -0.63021	0.36552	0.68500	3.65524
-0.15547	-0.92379	0.34991	-9.23791
-0.76070	-0.11403	-0.63901	-1.14025
0.00000	0.00000	0.00000	1.00000

boidNo = 14
boid Wall No = 1
position = = (1.8, 7.5, 6.4)
Boid Radius= 10
Boid Frame=
 0.84272	0.18440	0.50579	1.84403
-0.45486	0.74644	0.48572	7.46444
0.28797	0.63939	-0.71292	6.39388
0.00000	0.00000	0.00000	1.00000

boidNo = 15
boid Wall No = 1
position = = (1.1, 6.8, -7.2)
Boid Radius= 10
Boid Frame=
 -0.79757	0.11487	-0.59219	1.14870
-0.37181	0.67944	0.63255	6.79439
-0.47502	-0.72468	0.49919	-7.24685
0.00000	0.00000	0.00000	1.00000

boidNo = 16
boid Wall No = 0
position = = (-5.3, -7.9, 3.0)
Boid Radius= 10
Boid Frame=
 0.51273	-0.53488	-0.67158	-5.34881
-0.01970	-0.78934	0.61364	-7.89343
0.85833	0.30140	0.41526	3.01396
0.00000	0.00000	0.00000	1.00000

boidNo = 17
boid Wall No = 0
position = = (-4.0, -9.1, -1.3)
Boid Radius= 10
Boid Frame=
 -0.34329	-0.39871	-0.85040	-3.98715
0.01632	-0.90782	0.41905	-9.07818
0.93909	-0.12998	-0.31815	-1.29975
0.00000	0.00000	0.00000	1.00000

boidNo = 18
boid Wall No = 1
position = = (-8.4, 5.4, 0.3)
Boid Radius= 10
Boid Frame=
 -0.48353	-0.84047	0.24456	-8.40470
-0.77640	0.54083	0.32358	5.40826
0.40423	0.03342	0.91405	0.33415
0.00000	0.00000	0.00000	1.00000

boidNo = 19
boid Wall No = 1
position = = (6.2, 1.2, -7.7)
Boid Radius= 10
Boid Frame=
 -0.40964	0.62391	-0.66554	6.23908
-0.79260	0.11778	0.59826	1.17784
-0.45165	-0.77257	-0.44626	-7.72571
0.00000	0.00000	0.00000	1.00000

