Iteration Num of Simuation:0
m_SimulationDeltaT of action plan:0
boidNo = 0
boid Wall No = 1
position = = (-2.9, 9.4, 1.8)
Boid Radius= 10
Boid Frame=
 0.59203	-0.29152	0.75135	-2.91521
0.03039	0.93970	0.34065	9.39698
0.80535	0.17884	-0.56519	1.78837
0.00000	0.00000	0.00000	1.00000

boidNo = 1
boid Wall No = 0
position = = (-0.4, -9.8, 1.9)
Boid Radius= 10
Boid Frame=
 0.99123	-0.03544	-0.12730	-0.35442
-0.00997	-0.98068	0.19537	-9.80679
0.13177	0.19238	0.97243	1.92384
0.00000	0.00000	0.00000	1.00000

boidNo = 2
boid Wall No = 1
position = = (-7.6, 5.4, 3.6)
Boid Radius= 9.999999
Boid Frame=
 0.09627	-0.76278	0.63946	-7.62777
-0.45687	0.53690	0.70923	5.36902
0.88431	0.36043	0.29680	3.60427
0.00000	0.00000	0.00000	1.00000

boidNo = 3
boid Wall No = 0
position = = (-0.3, -10.0, -0.5)
Boid Radius= 10
Boid Frame=
 -0.81195	-0.02532	-0.58318	-0.25325
-0.00795	-0.99849	0.05443	-9.98486
0.58367	-0.04883	-0.81052	-0.48826
0.00000	0.00000	0.00000	1.00000

boidNo = 4
boid Wall No = 0
position = = (2.7, -8.9, -3.8)
Boid Radius= 10
Boid Frame=
 -0.91585	0.26608	0.30070	2.66083
-0.10891	-0.88544	0.45180	-8.85444
-0.38647	-0.38104	-0.83991	-3.81036
0.00000	0.00000	0.00000	1.00000

boidNo = 5
boid Wall No = 1
position = = (0.7, 9.8, 2.1)
Boid Radius= 10
Boid Frame=
 0.98465	0.06899	-0.16030	0.68993
-0.03284	0.97538	0.21806	9.75383
-0.17140	0.20945	-0.96268	2.09448
0.00000	0.00000	0.00000	1.00000

boidNo = 6
boid Wall No = 1
position = = (-0.9, 10.0, 0.2)
Boid Radius= 10
Boid Frame=
 -0.55101	-0.08782	0.82986	-0.87825
-0.06729	0.99588	0.06071	9.95884
0.83178	0.02239	0.55465	0.22392
0.00000	0.00000	0.00000	1.00000

boidNo = 7
boid Wall No = 0
position = = (-8.3, -5.3, -1.8)
Boid Radius= 10
Boid Frame=
 0.07392	-0.82765	-0.55636	-8.27646
-0.42235	-0.53137	0.73435	-5.31365
0.90341	-0.18070	0.38884	-1.80701
0.00000	0.00000	0.00000	1.00000

boidNo = 8
boid Wall No = 0
position = = (-7.0, -7.1, 0.4)
Boid Radius= 10
Boid Frame=
 0.22675	-0.69923	-0.67799	-6.99226
-0.17357	-0.71399	0.67830	-7.13987
0.95836	0.03613	0.28326	0.36128
0.00000	0.00000	0.00000	1.00000

boidNo = 9
boid Wall No = 0
position = = (7.7, -6.3, -1.0)
Boid Radius= 9.999999
Boid Frame=
 -0.63918	0.76786	0.04291	7.67857
-0.74661	-0.63295	0.20481	-6.32945
-0.18443	-0.09887	-0.97786	-0.98871
0.00000	0.00000	0.00000	1.00000

boidNo = 10
boid Wall No = 0
position = = (-1.6, -9.7, -1.7)
Boid Radius= 10
Boid Frame=
 -0.71068	-0.15616	-0.68597	-1.56161
-0.00909	-0.97293	0.23091	-9.72933
0.70346	-0.17034	-0.69002	-1.70339
0.00000	0.00000	0.00000	1.00000

boidNo = 11
boid Wall No = 1
position = = (-3.5, 9.3, 1.1)
Boid Radius= 10
Boid Frame=
 0.34954	-0.34567	0.87082	-3.45672
0.02308	0.93235	0.36083	9.32346
0.93664	0.10603	-0.33387	1.06030
0.00000	0.00000	0.00000	1.00000

boidNo = 12
boid Wall No = 0
position = = (0.8, -2.7, 9.6)
Boid Radius= 9.999999
Boid Frame=
 0.79492	0.07645	0.60188	0.76449
-0.56382	-0.27327	0.77938	-2.73268
-0.22406	0.95890	0.17412	9.58895
0.00000	0.00000	0.00000	1.00000

boidNo = 13
boid Wall No = 0
position = = (-7.3, -3.8, -5.7)
Boid Radius= 10
Boid Frame=
 -0.29888	-0.73369	-0.61022	-7.33687
-0.56961	-0.37589	0.73093	-3.75888
0.76565	-0.56605	0.30556	-5.66050
0.00000	0.00000	0.00000	1.00000

boidNo = 14
boid Wall No = 1
position = = (-0.4, 8.7, 4.9)
Boid Radius= 10
Boid Frame=
 0.94482	-0.03528	0.32570	-0.35277
-0.13089	0.87074	0.47400	8.70744
0.30032	0.49047	-0.81808	4.90470
0.00000	0.00000	0.00000	1.00000

boidNo = 15
boid Wall No = 0
position = = (-4.9, -7.7, -4.0)
Boid Radius= 10
Boid Frame=
 -0.57840	-0.49271	-0.65015	-4.92705
-0.05169	-0.77325	0.63199	-7.73254
0.81411	-0.39915	-0.42178	-3.99149
0.00000	0.00000	0.00000	1.00000

boidNo = 16
boid Wall No = 0
position = = (-5.3, -6.7, -5.2)
Boid Radius= 10
Boid Frame=
 -0.41557	-0.53246	-0.73742	-5.32458
-0.32505	-0.67026	0.66715	-6.70262
0.84949	-0.51695	-0.10547	-5.16950
0.00000	0.00000	0.00000	1.00000

boidNo = 17
boid Wall No = 1
position = = (-7.5, 4.5, 4.8)
Boid Radius= 10
Boid Frame=
 0.03064	-0.75112	0.65945	-7.51121
-0.71004	0.44800	0.54327	4.48002
0.70350	0.48488	0.51960	4.84883
0.00000	0.00000	0.00000	1.00000

boidNo = 18
boid Wall No = 1
position = = (9.6, 1.3, -2.7)
Boid Radius= 10
Boid Frame=
 -0.11454	0.95564	-0.27136	9.55640
-0.67227	0.12654	0.72941	1.26543
-0.73139	-0.26597	-0.62795	-2.65970
0.00000	0.00000	0.00000	1.00000

boidNo = 19
boid Wall No = 1
position = = (1.9, 9.8, -0.3)
Boid Radius= 10
Boid Frame=
 0.47521	0.18529	-0.86014	1.85290
-0.12050	0.98207	0.14498	9.82069
-0.87158	-0.03475	-0.48902	-0.34749
0.00000	0.00000	0.00000	1.00000

