Iteration Num of Simuation:0
m_SimulationDeltaT of action plan:0
boidNo = 0
boid Wall No = 1
position = = (9.1, 3.5, -2.2)
Boid Radius= 10
Boid Frame=
 0.05961	0.91063	-0.40890	9.10629
-0.64678	0.34725	0.67904	3.47252
-0.76034	-0.22399	-0.60968	-2.23990
0.00000	0.00000	0.00000	1.00000

boidNo = 1
boid Wall No = 1
position = = (4.1, 9.1, 0.0)
Boid Radius= 10
Boid Frame=
 0.13231	0.41209	-0.90148	4.12092
-0.06039	0.91114	0.40764	9.11142
-0.98937	-0.00051	-0.14544	-0.00507
0.00000	0.00000	0.00000	1.00000

boidNo = 2
boid Wall No = 0
position = = (1.2, -9.7, 2.3)
Boid Radius= 10
Boid Frame=
 0.89682	0.11819	0.42632	1.18193
0.00341	-0.96547	0.26049	-9.65472
-0.44239	0.23215	0.86626	2.32153
0.00000	0.00000	0.00000	1.00000

boidNo = 3
boid Wall No = 0
position = = (-6.8, -4.1, -6.1)
Boid Radius= 10
Boid Frame=
 -0.40252	-0.67978	-0.61309	-6.79780
-0.48495	-0.40968	0.77265	-4.09681
0.77640	-0.60833	0.16475	-6.08326
0.00000	0.00000	0.00000	1.00000

boidNo = 4
boid Wall No = 0
position = = (6.9, -6.8, 2.5)
Boid Radius= 10
Boid Frame=
 0.15377	0.69200	0.70533	6.91999
-0.20173	-0.67680	0.70799	-6.76801
-0.96730	0.25115	-0.03553	2.51152
0.00000	0.00000	0.00000	1.00000

boidNo = 5
boid Wall No = 1
position = = (-0.5, 3.9, 9.2)
Boid Radius= 10
Boid Frame=
 0.79643	-0.04958	0.60270	-0.49578
-0.54132	0.38584	0.74706	3.85842
0.26958	0.92123	-0.28046	9.21232
0.00000	0.00000	0.00000	1.00000

boidNo = 6
boid Wall No = 0
position = = (1.0, -9.9, 1.0)
Boid Radius= 10
Boid Frame=
 0.73093	0.10138	0.67488	1.01376
0.00247	-0.98929	0.14592	-9.89293
-0.68245	0.10499	0.72335	1.04990
0.00000	0.00000	0.00000	1.00000

boidNo = 7
boid Wall No = 0
position = = (8.0, -6.0, 0.2)
Boid Radius= 10
Boid Frame=
 -0.19892	0.79916	0.56726	7.99156
-0.29739	-0.60075	0.74206	-6.00753
-0.93380	0.02108	-0.35717	0.21083
0.00000	0.00000	0.00000	1.00000

boidNo = 8
boid Wall No = 1
position = = (0.5, 8.9, -4.5)
Boid Radius= 10
Boid Frame=
 -0.71068	0.05317	-0.70150	0.53171
-0.28185	0.89210	0.35315	8.92101
-0.64459	-0.44870	0.61901	-4.48697
0.00000	0.00000	0.00000	1.00000

boidNo = 9
boid Wall No = 0
position = = (-6.1, -4.5, 6.6)
Boid Radius= 10
Boid Frame=
 0.75210	-0.60674	0.25731	-6.06738
-0.59182	-0.44999	0.66878	-4.49987
0.28998	0.65527	0.69752	6.55272
0.00000	0.00000	0.00000	1.00000

boidNo = 10
boid Wall No = 1
position = = (-5.3, 7.5, -4.0)
Boid Radius= 9.999999
Boid Frame=
 -0.82909	-0.52517	-0.19187	-5.25166
-0.55761	0.75148	0.35264	7.51475
0.04101	-0.39936	0.91588	-3.99357
0.00000	0.00000	0.00000	1.00000

boidNo = 11
boid Wall No = 1
position = = (-0.8, 9.9, -1.4)
Boid Radius= 10
Boid Frame=
 -0.58032	-0.08094	0.81035	-0.80944
0.06372	0.98748	0.14427	9.87485
0.81189	-0.13536	0.56790	-1.35358
0.00000	0.00000	0.00000	1.00000

boidNo = 12
boid Wall No = 0
position = = (-2.2, -0.7, -9.7)
Boid Radius= 10
Boid Frame=
 -0.78688	-0.21949	-0.57676	-2.19487
-0.57715	-0.06910	0.81371	-0.69101
0.21845	-0.97317	0.07230	-9.73165
0.00000	0.00000	0.00000	1.00000

boidNo = 13
boid Wall No = 0
position = = (8.7, -4.6, 1.7)
Boid Radius= 9.999999
Boid Frame=
 -0.10269	0.86964	0.48288	8.69644
-0.51428	-0.46195	0.72258	-4.61949
-0.85146	0.17413	-0.49467	1.74134
0.00000	0.00000	0.00000	1.00000

boidNo = 14
boid Wall No = 1
position = = (1.0, 1.2, -9.9)
Boid Radius= 10
Boid Frame=
 -0.76459	0.10031	-0.63666	1.00306
-0.62537	0.12347	0.77050	1.23468
-0.15589	-0.98727	0.03167	-9.87266
0.00000	0.00000	0.00000	1.00000

boidNo = 15
boid Wall No = 0
position = = (-7.0, -5.9, -3.9)
Boid Radius= 10
Boid Frame=
 -0.26428	-0.70111	-0.66227	-7.01108
-0.29613	-0.59453	0.74756	-5.94525
0.91786	-0.39368	0.05050	-3.93685
0.00000	0.00000	0.00000	1.00000

boidNo = 16
boid Wall No = 1
position = = (1.0, 9.4, -3.3)
Boid Radius= 10
Boid Frame=
 -0.97035	0.10154	-0.21933	1.01536
0.02147	0.94011	0.34020	9.40108
-0.24074	-0.32540	0.91442	-3.25404
0.00000	0.00000	0.00000	1.00000

boidNo = 17
boid Wall No = 0
position = = (0.6, -10.0, 0.1)
Boid Radius= 10
Boid Frame=
 0.10394	0.06156	0.99268	0.61563
-0.00605	-0.99802	0.06253	-9.98025
-0.99457	0.01250	0.10336	0.12503
0.00000	0.00000	0.00000	1.00000

boidNo = 18
boid Wall No = 1
position = = (-8.4, 5.1, -1.8)
Boid Radius= 10
Boid Frame=
 -0.44477	-0.84309	0.30230	-8.43088
-0.47042	0.50711	0.72218	5.07115
0.76216	-0.17899	0.62215	-1.78992
0.00000	0.00000	0.00000	1.00000

boidNo = 19
boid Wall No = 0
position = = (-7.0, -6.8, -2.3)
Boid Radius= 10
Boid Frame=
 -0.12263	-0.69622	-0.70727	-6.96224
-0.20557	-0.67938	0.70441	-6.79376
0.97093	-0.23178	0.05982	-2.31775
0.00000	0.00000	0.00000	1.00000

