Iteration Num of Simuation:0
m_SimulationDeltaT of action plan:0
boidNo = 0
boid Wall No = 0
position = = (6.9, -0.7, 7.2)
Boid Radius= 10
Boid Frame=
 -0.14865	0.68785	0.71046	6.87854
-0.98776	-0.06888	-0.13998	-0.68881
0.04735	0.72257	-0.68967	7.22573
0.00000	0.00000	0.00000	1.00000

boidNo = 1
boid Wall No = 0
position = = (-4.8, -3.6, 8.0)
Boid Radius= 10
Boid Frame=
 0.82735	-0.48077	0.29043	-4.80775
-0.48981	-0.36448	0.79198	-3.64479
0.27491	0.79750	0.53704	7.97503
0.00000	0.00000	0.00000	1.00000

boidNo = 2
boid Wall No = 0
position = = (-3.2, -9.5, -0.5)
Boid Radius= 10
Boid Frame=
 -0.44487	-0.31627	-0.83790	-3.16266
0.10602	-0.94759	0.30138	-9.47591
0.88930	-0.04524	-0.45508	-0.45239
0.00000	0.00000	0.00000	1.00000

boidNo = 3
boid Wall No = 0
position = = (-2.4, -7.5, -6.1)
Boid Radius= 10
Boid Frame=
 -0.84838	-0.24489	-0.46934	-2.44887
-0.13691	-0.75491	0.64138	-7.54908
0.51137	-0.60839	-0.60692	-6.08395
0.00000	0.00000	0.00000	1.00000

boidNo = 4
boid Wall No = 0
position = = (2.7, -8.6, -4.3)
Boid Radius= 10
Boid Frame=
 -0.85879	0.26604	0.43785	2.66043
-0.00799	-0.86146	0.50776	-8.61461
-0.51227	-0.43256	-0.74194	-4.32558
0.00000	0.00000	0.00000	1.00000

boidNo = 5
boid Wall No = 0
position = = (-0.3, -10.0, -0.2)
Boid Radius= 10
Boid Frame=
 -0.52002	-0.03369	-0.85349	-0.33687
-0.00285	-0.99915	0.04117	-9.99148
0.85415	-0.02385	-0.51948	-0.23848
0.00000	0.00000	0.00000	1.00000

boidNo = 6
boid Wall No = 0
position = = (5.7, -6.9, 4.3)
Boid Radius= 10
Boid Frame=
 0.44887	0.57390	0.68495	5.73901
-0.17712	-0.69416	0.69769	-6.94159
-0.87587	0.43449	0.20994	4.34490
0.00000	0.00000	0.00000	1.00000

boidNo = 7
boid Wall No = 1
position = = (6.4, 5.9, -4.9)
Boid Radius= 10
Boid Frame=
 -0.25443	0.63970	-0.72529	6.39701
-0.43550	0.59384	0.67653	5.93842
-0.86349	-0.48799	-0.12750	-4.87989
0.00000	0.00000	0.00000	1.00000

boidNo = 8
boid Wall No = 1
position = = (9.1, 3.9, 1.2)
Boid Radius= 10
Boid Frame=
 0.40556	0.91373	-0.02503	9.13726
-0.85044	0.38723	0.35609	3.87226
-0.33506	0.12313	-0.93412	1.23129
0.00000	0.00000	0.00000	1.00000

boidNo = 9
boid Wall No = 1
position = = (-5.9, 1.2, -8.0)
Boid Radius= 10
Boid Frame=
 -0.64717	-0.58754	-0.48577	-5.87539
-0.66189	0.11689	0.74043	1.16887
0.37825	-0.80071	0.46453	-8.00709
0.00000	0.00000	0.00000	1.00000

boidNo = 10
boid Wall No = 1
position = = (6.1, 5.3, -5.9)
Boid Radius= 10
Boid Frame=
 -0.26947	0.61365	-0.74217	6.13648
-0.55774	0.52882	0.63975	5.28821
-0.78506	-0.58633	-0.19976	-5.86331
0.00000	0.00000	0.00000	1.00000

boidNo = 11
boid Wall No = 0
position = = (-6.4, -2.1, 7.4)
Boid Radius= 10
Boid Frame=
 0.57593	-0.63536	0.51442	-6.35361
-0.77016	-0.21068	0.60205	-2.10675
0.27414	0.74292	0.61067	7.42921
0.00000	0.00000	0.00000	1.00000

boidNo = 12
boid Wall No = 0
position = = (6.9, -4.4, -5.7)
Boid Radius= 10
Boid Frame=
 -0.72232	0.69156	-0.00274	6.91557
-0.42585	-0.44167	0.78967	-4.41672
-0.54489	-0.57155	-0.61353	-5.71555
0.00000	0.00000	0.00000	1.00000

boidNo = 13
boid Wall No = 1
position = = (-4.6, 8.8, 1.4)
Boid Radius= 10
Boid Frame=
 0.17447	-0.46084	0.87016	-4.60844
-0.06302	0.87668	0.47693	8.76679
0.98264	0.13805	-0.12391	1.38048
0.00000	0.00000	0.00000	1.00000

boidNo = 14
boid Wall No = 0
position = = (0.4, -10.0, 0.4)
Boid Radius= 10
Boid Frame=
 0.69165	0.03681	0.72130	0.36807
-0.00164	-0.99862	0.05253	-9.98618
-0.72224	0.03751	0.69063	0.37514
0.00000	0.00000	0.00000	1.00000

boidNo = 15
boid Wall No = 1
position = = (-3.8, 5.9, 7.1)
Boid Radius= 10
Boid Frame=
 0.51163	-0.37998	0.77061	-3.79983
-0.50663	0.59096	0.62777	5.90958
0.69394	0.71160	-0.10984	7.11605
0.00000	0.00000	0.00000	1.00000

boidNo = 16
boid Wall No = 0
position = = (-5.1, -3.0, -8.0)
Boid Radius= 10
Boid Frame=
 -0.59384	-0.51084	-0.62160	-5.10845
-0.55285	-0.30223	0.77654	-3.02229
0.58456	-0.80480	0.10294	-8.04795
0.00000	0.00000	0.00000	1.00000

boidNo = 17
boid Wall No = 0
position = = (0.6, -9.7, -2.3)
Boid Radius= 10
Boid Frame=
 -0.95156	0.05924	0.30169	0.59241
0.01350	-0.97226	0.23351	-9.72260
-0.30715	-0.22628	-0.92437	-2.26276
0.00000	0.00000	0.00000	1.00000

boidNo = 18
boid Wall No = 1
position = = (2.5, 7.7, -5.8)
Boid Radius= 10
Boid Frame=
 -0.70479	0.25245	-0.66298	2.52447
-0.26444	0.77370	0.57572	7.73702
-0.65829	-0.58108	0.47854	-5.81082
0.00000	0.00000	0.00000	1.00000

boidNo = 19
boid Wall No = 1
position = = (-5.2, 2.4, 8.2)
Boid Radius= 10
Boid Frame=
 0.43087	-0.51713	0.73954	-5.17130
-0.75482	0.24261	0.60942	2.42611
0.49457	0.82080	0.28580	8.20803
0.00000	0.00000	0.00000	1.00000

boidNo = 20
boid Wall No = 0
position = = (-4.2, -8.4, 3.4)
Boid Radius= 10
Boid Frame=
 0.53156	-0.41874	-0.73627	-4.18743
0.07359	-0.84313	0.53265	-8.43130
0.84381	0.33732	0.41736	3.37321
0.00000	0.00000	0.00000	1.00000

boidNo = 21
boid Wall No = 1
position = = (4.0, 0.7, -9.1)
Boid Radius= 10
Boid Frame=
 -0.62326	0.40223	-0.67064	4.02230
-0.70843	0.07275	0.70202	0.72749
-0.33116	-0.91264	-0.23961	-9.12644
0.00000	0.00000	0.00000	1.00000

boidNo = 22
boid Wall No = 1
position = = (7.8, 6.2, 0.2)
Boid Radius= 9.999999
Boid Frame=
 0.35376	0.78288	-0.51181	7.82883
-0.41934	0.62187	0.66139	6.21868
-0.83607	0.01934	-0.54829	0.19344
0.00000	0.00000	0.00000	1.00000

boidNo = 23
boid Wall No = 0
position = = (-0.6, -10.0, 0.7)
Boid Radius= 10
Boid Frame=
 0.79012	-0.06061	-0.60995	-0.60607
-0.00424	-0.99562	0.09344	-9.95616
0.61294	0.07124	0.78691	0.71241
0.00000	0.00000	0.00000	1.00000

boidNo = 24
boid Wall No = 0
position = = (-7.2, -4.7, -5.2)
Boid Radius= 10
Boid Frame=
 -0.27372	-0.71668	-0.64144	-7.16684
-0.49503	-0.46681	0.73282	-4.66815
0.82463	-0.51812	0.22701	-5.18120
0.00000	0.00000	0.00000	1.00000

boidNo = 25
boid Wall No = 0
position = = (-3.2, -9.3, -1.7)
Boid Radius= 10
Boid Frame=
 -0.68876	-0.31688	-0.65207	-3.16879
0.10044	-0.93246	0.34704	-9.32455
0.71799	-0.17354	-0.67407	-1.73537
0.00000	0.00000	0.00000	1.00000

boidNo = 26
boid Wall No = 1
position = = (0.4, 9.3, 3.6)
Boid Radius= 10
Boid Frame=
 0.87793	0.03795	0.47729	0.37951
-0.20231	0.93290	0.29794	9.32900
0.43396	0.35813	-0.82669	3.58130
0.00000	0.00000	0.00000	1.00000

boidNo = 27
boid Wall No = 0
position = = (-8.4, -4.2, -3.4)
Boid Radius= 10
Boid Frame=
 -0.05789	-0.83993	-0.53959	-8.39932
-0.55634	-0.42165	0.71603	-4.21648
0.82893	-0.34165	0.44288	-3.41652
0.00000	0.00000	0.00000	1.00000

boidNo = 28
boid Wall No = 0
position = = (4.5, -6.9, -5.7)
Boid Radius= 10
Boid Frame=
 -0.87510	0.44749	0.18427	4.47486
-0.20739	-0.69080	0.69266	-6.90800
-0.43725	-0.56794	-0.69732	-5.67936
0.00000	0.00000	0.00000	1.00000

boidNo = 29
boid Wall No = 0
position = = (3.3, -9.0, -3.0)
Boid Radius= 10
Boid Frame=
 -0.69207	0.33042	0.64177	3.30424
-0.01630	-0.89600	0.44375	-8.96003
-0.72165	-0.29664	-0.62548	-2.96645
0.00000	0.00000	0.00000	1.00000

