Iteration Num of Simuation:0
m_SimulationDeltaT of action plan:0
boidNo = 0
boid Wall No = 0
position = = (7.7, -3.6, 5.3)
Boid Radius= 10
Boid Frame=
 0.33852	0.76693	0.54517	7.66935
-0.48262	-0.35585	0.80028	-3.55853
-0.80777	0.53402	-0.24967	5.34022
0.00000	0.00000	0.00000	1.00000

boidNo = 1
boid Wall No = 1
position = = (3.1, 9.5, -0.7)
Boid Radius= 10
Boid Frame=
 0.71108	0.30790	-0.63210	3.07901
-0.27746	0.94894	0.15011	9.48939
-0.64605	-0.06864	-0.76021	-0.68644
0.00000	0.00000	0.00000	1.00000

boidNo = 2
boid Wall No = 0
position = = (-7.1, -3.7, -6.0)
Boid Radius= 10
Boid Frame=
 0.16827	-0.71122	-0.68254	-7.11215
-0.91683	-0.36726	0.15666	-3.67260
0.36209	-0.59941	0.71386	-5.99411
0.00000	0.00000	0.00000	1.00000

boidNo = 3
boid Wall No = 0
position = = (1.4, -7.8, -6.1)
Boid Radius= 10
Boid Frame=
 -0.98927	0.13882	-0.04551	1.38816
-0.13735	-0.77774	0.61340	-7.77741
-0.04975	-0.61307	-0.78846	-6.13066
0.00000	0.00000	0.00000	1.00000

boidNo = 4
boid Wall No = 1
position = = (0.8, 6.1, 7.9)
Boid Radius= 10
Boid Frame=
 0.87346	0.07731	0.48073	0.77308
-0.42203	0.61260	0.66829	6.12599
0.24283	0.78660	-0.56770	7.86604
0.00000	0.00000	0.00000	1.00000

boidNo = 5
boid Wall No = 0
position = = (9.2, -3.5, 1.8)
Boid Radius= 10
Boid Frame=
 -0.11725	0.91903	0.37635	9.19027
-0.68028	-0.35042	0.64376	-3.50417
-0.72351	0.18054	-0.66629	1.80545
0.00000	0.00000	0.00000	1.00000

boidNo = 6
boid Wall No = 0
position = = (2.0, -0.2, -9.8)
Boid Radius= 10
Boid Frame=
 -0.79754	0.20140	-0.56866	2.01399
-0.58443	-0.02421	0.81108	-0.24210
-0.14958	-0.97921	-0.13701	-9.79210
0.00000	0.00000	0.00000	1.00000

boidNo = 7
boid Wall No = 1
position = = (1.4, 9.4, -3.1)
Boid Radius= 10
Boid Frame=
 -0.84115	0.13513	-0.52364	1.35131
-0.05837	0.93994	0.33632	9.39936
-0.53764	-0.31346	0.78274	-3.13463
0.00000	0.00000	0.00000	1.00000

boidNo = 8
boid Wall No = 0
position = = (-4.2, -8.7, 2.6)
Boid Radius= 10
Boid Frame=
 0.35530	-0.41680	0.83668	-4.16796
-0.41949	-0.87099	-0.25574	-8.70988
-0.83534	0.26012	0.48431	2.60117
0.00000	0.00000	0.00000	1.00000

boidNo = 9
boid Wall No = 0
position = = (-4.4, -0.7, -9.0)
Boid Radius= 10
Boid Frame=
 -0.48239	-0.43542	-0.76007	-4.35421
-0.82246	-0.07343	0.56406	-0.73431
0.30142	-0.89723	0.32269	-8.97227
0.00000	0.00000	0.00000	1.00000

boidNo = 10
boid Wall No = 1
position = = (-5.8, 6.3, 5.2)
Boid Radius= 10
Boid Frame=
 0.22488	-0.57548	0.78629	-5.75482
-0.49327	0.62868	0.60121	6.28680
0.84031	0.52305	0.14249	5.23050
0.00000	0.00000	0.00000	1.00000

boidNo = 11
boid Wall No = 0
position = = (-8.3, -2.8, -4.8)
Boid Radius= 10
Boid Frame=
 -0.17421	-0.83185	-0.52695	-8.31850
-0.68306	-0.28337	0.67315	-2.83374
0.70929	-0.47721	0.51883	-4.77206
0.00000	0.00000	0.00000	1.00000

boidNo = 12
boid Wall No = 0
position = = (-0.1, -9.4, -3.3)
Boid Radius= 10
Boid Frame=
 -0.93237	-0.00619	0.36145	-0.06194
0.12526	-0.94345	0.30695	-9.43445
-0.33911	-0.33147	-0.88042	-3.31471
0.00000	0.00000	0.00000	1.00000

boidNo = 13
boid Wall No = 1
position = = (5.8, 7.5, -3.2)
Boid Radius= 10
Boid Frame=
 -0.18836	0.57845	-0.79367	5.78449
-0.25517	0.75156	0.60831	7.51562
-0.94837	-0.31710	-0.00604	-3.17098
0.00000	0.00000	0.00000	1.00000

boidNo = 14
boid Wall No = 0
position = = (9.1, -4.2, 0.9)
Boid Radius= 10
Boid Frame=
 -0.14899	0.90500	0.39846	9.05004
-0.49906	-0.41669	0.75981	-4.16691
-0.85367	0.08565	-0.51373	0.85647
0.00000	0.00000	0.00000	1.00000

boidNo = 15
boid Wall No = 1
position = = (-3.7, 7.3, 5.8)
Boid Radius= 10
Boid Frame=
 0.59044	-0.36808	0.71826	-3.68083
-0.29522	0.72977	0.61667	7.29771
0.75115	0.57615	-0.32222	5.76150
0.00000	0.00000	0.00000	1.00000

boidNo = 16
boid Wall No = 1
position = = (2.8, 9.5, 1.1)
Boid Radius= 10
Boid Frame=
 0.65098	0.28184	-0.70483	2.81837
-0.10964	0.95369	0.28009	9.53693
-0.75113	0.10506	-0.65174	1.05056
0.00000	0.00000	0.00000	1.00000

boidNo = 17
boid Wall No = 0
position = = (-2.2, -6.2, 7.6)
Boid Radius= 10
Boid Frame=
 0.95578	-0.21576	0.19984	-2.15762
-0.29213	-0.61823	0.72969	-6.18229
0.03389	0.75580	0.65392	7.55804
0.00000	0.00000	0.00000	1.00000

boidNo = 18
boid Wall No = 1
position = = (8.8, 2.5, -4.1)
Boid Radius= 10
Boid Frame=
 -0.01279	0.87983	-0.47512	8.79831
-0.84002	0.24829	0.48241	2.48294
-0.54240	-0.40528	-0.73590	-4.05276
0.00000	0.00000	0.00000	1.00000

boidNo = 19
boid Wall No = 0
position = = (-7.6, -3.1, -5.8)
Boid Radius= 10
Boid Frame=
 -0.32729	-0.75692	-0.56565	-7.56916
-0.58335	-0.30907	0.75112	-3.09071
0.74336	-0.57581	0.34039	-5.75807
0.00000	0.00000	0.00000	1.00000

