Iteration Num of Simuation:0
m_SimulationDeltaT of action plan:0
boidNo = 0
boid Wall No = 1
position = = (-4.9, 8.1, 3.2)
Boid Radius= 10
Boid Frame=
 0.10420	-0.49404	0.86317	-4.94044
-0.30845	0.80905	0.50030	8.09046
0.94552	0.31838	0.06808	3.18379
0.00000	0.00000	0.00000	1.00000

boidNo = 1
boid Wall No = 1
position = = (-6.2, 7.5, 2.3)
Boid Radius= 10
Boid Frame=
 0.00897	-0.61505	0.78843	-6.15054
-0.28686	0.75374	0.59125	7.53742
0.95793	0.23148	0.16967	2.31478
0.00000	0.00000	0.00000	1.00000

boidNo = 2
boid Wall No = 1
position = = (2.9, 7.1, -6.4)
Boid Radius= 10
Boid Frame=
 -0.60167	0.29150	-0.74365	2.91497
-0.38707	0.70800	0.59069	7.07996
-0.69869	-0.64325	0.31315	-6.43250
0.00000	0.00000	0.00000	1.00000

boidNo = 3
boid Wall No = 1
position = = (2.1, 9.7, 0.6)
Boid Radius= 10
Boid Frame=
 0.78743	0.21401	-0.57806	2.14012
-0.13461	0.97486	0.17755	9.74862
-0.60153	0.06200	-0.79644	0.61995
0.00000	0.00000	0.00000	1.00000

boidNo = 4
boid Wall No = 0
position = = (0.2, -9.4, 3.3)
Boid Radius= 10
Boid Frame=
 0.95891	0.02026	-0.28297	0.20260
0.11157	-0.94400	0.31050	-9.44004
0.26084	0.32931	0.90748	3.29311
0.00000	0.00000	0.00000	1.00000

boidNo = 5
boid Wall No = 1
position = = (2.0, 9.5, -2.4)
Boid Radius= 10
Boid Frame=
 -0.65276	0.19526	-0.73197	1.95257
-0.05858	0.95031	0.30574	9.50312
-0.75530	-0.24245	0.60889	-2.42451
0.00000	0.00000	0.00000	1.00000

boidNo = 6
boid Wall No = 1
position = = (-4.5, 8.8, 1.6)
Boid Radius= 9.999999
Boid Frame=
 -0.61816	-0.44727	0.64639	-4.47275
-0.43575	0.87940	0.19178	8.79398
0.65421	0.16311	0.73851	1.63110
0.00000	0.00000	0.00000	1.00000

boidNo = 7
boid Wall No = 0
position = = (6.6, -6.3, -4.1)
Boid Radius= 10
Boid Frame=
 -0.72681	0.65584	-0.20403	6.55837
-0.67676	-0.63312	0.37571	-6.33115
-0.11723	-0.41115	-0.90400	-4.11149
0.00000	0.00000	0.00000	1.00000

boidNo = 8
boid Wall No = 1
position = = (2.1, 9.8, -0.2)
Boid Radius= 10
Boid Frame=
 0.69972	0.20510	-0.68434	2.05103
-0.15839	0.97860	0.13134	9.78601
-0.69663	-0.01649	-0.71724	-0.16493
0.00000	0.00000	0.00000	1.00000

boidNo = 9
boid Wall No = 1
position = = (3.6, 9.3, 0.8)
Boid Radius= 10
Boid Frame=
 0.64022	0.35528	-0.68110	3.55277
-0.17619	0.93090	0.31996	9.30903
-0.74771	0.08484	-0.65858	0.84845
0.00000	0.00000	0.00000	1.00000

boidNo = 10
boid Wall No = 1
position = = (3.4, 1.1, -9.3)
Boid Radius= 10
Boid Frame=
 -0.66857	0.34020	-0.66126	3.40204
-0.67132	0.10640	0.73349	1.06399
-0.31989	-0.93431	-0.15725	-9.34313
0.00000	0.00000	0.00000	1.00000

boidNo = 11
boid Wall No = 0
position = = (-4.5, -7.8, -4.4)
Boid Radius= 10
Boid Frame=
 -0.62587	-0.45377	-0.63433	-4.53774
-0.07405	-0.77507	0.62752	-7.75074
0.77641	-0.43971	-0.45149	-4.39714
0.00000	0.00000	0.00000	1.00000

boidNo = 12
boid Wall No = 1
position = = (0.6, 6.1, 7.9)
Boid Radius= 10
Boid Frame=
 0.89093	0.05727	0.45052	0.57271
-0.38944	0.60668	0.69302	6.06680
0.23363	0.79288	-0.56281	7.92880
0.00000	0.00000	0.00000	1.00000

boidNo = 13
boid Wall No = 1
position = = (0.0, 9.5, 3.2)
Boid Radius= 10
Boid Frame=
 0.67727	-0.00132	0.73573	-0.01317
-0.23725	0.94619	0.22009	9.46188
0.69643	0.32361	-0.64052	3.23615
0.00000	0.00000	0.00000	1.00000

boidNo = 14
boid Wall No = 0
position = = (7.8, -2.1, -5.9)
Boid Radius= 10
Boid Frame=
 -0.59206	0.78124	-0.19782	7.81241
-0.54796	-0.21025	0.80965	-2.10255
-0.59094	-0.58776	-0.55257	-5.87755
0.00000	0.00000	0.00000	1.00000

boidNo = 15
boid Wall No = 0
position = = (0.1, -10.0, -0.4)
Boid Radius= 10
Boid Frame=
 -0.87015	0.01451	0.49257	0.14509
0.00504	-0.99925	0.03834	-9.99252
-0.49276	-0.03585	-0.86943	-0.35848
0.00000	0.00000	0.00000	1.00000

boidNo = 16
boid Wall No = 0
position = = (5.8, -8.0, 1.6)
Boid Radius= 10
Boid Frame=
 -0.01834	0.58178	0.81314	5.81784
-0.20353	-0.79842	0.56666	-7.98418
-0.97890	0.15510	-0.13305	1.55102
0.00000	0.00000	0.00000	1.00000

boidNo = 17
boid Wall No = 1
position = = (-1.7, 9.9, 0.0)
Boid Radius= 10
Boid Frame=
 -0.75178	-0.17206	0.63657	-1.72065
-0.12854	0.98508	0.11446	9.85077
0.64676	-0.00422	0.76268	-0.04224
0.00000	0.00000	0.00000	1.00000

boidNo = 18
boid Wall No = 0
position = = (-1.9, -9.5, -2.6)
Boid Radius= 10
Boid Frame=
 -0.74645	-0.18672	-0.63871	-1.86719
-0.03324	-0.94816	0.31604	-9.48164
0.66461	-0.25714	-0.70155	-2.57139
0.00000	0.00000	0.00000	1.00000

boidNo = 19
boid Wall No = 1
position = = (3.4, 8.6, 3.8)
Boid Radius= 10
Boid Frame=
 0.86643	0.33645	-0.36892	3.36445
-0.12340	0.86025	0.49472	8.60246
-0.48381	0.38312	-0.78686	3.83120
0.00000	0.00000	0.00000	1.00000

