Iteration Num of Simuation:0
m_SimulationDeltaT of action plan:0
boidNo = 0
boid Wall No = 0
position = = (-4.6, -5.5, -7.0)
Boid Radius= 10
Boid Frame=
 -0.61936	-0.46265	-0.63431	-4.62652
-0.36554	-0.54509	0.75449	-5.45089
0.69482	-0.69916	-0.16849	-6.99164
0.00000	0.00000	0.00000	1.00000

boidNo = 1
boid Wall No = 0
position = = (-4.6, -2.5, 8.5)
Boid Radius= 10
Boid Frame=
 0.76617	-0.46080	0.44793	-4.60802
-0.59632	-0.24999	0.76283	-2.49987
0.23954	0.85157	0.46632	8.51568
0.00000	0.00000	0.00000	1.00000

boidNo = 2
boid Wall No = 1
position = = (7.1, 7.0, -0.7)
Boid Radius= 10
Boid Frame=
 0.27354	0.71494	-0.64346	7.14941
-0.37156	0.69558	0.61490	6.95582
-0.88720	-0.07088	-0.45591	-0.70885
0.00000	0.00000	0.00000	1.00000

boidNo = 3
boid Wall No = 1
position = = (-2.0, 9.8, 0.8)
Boid Radius= 9.999999
Boid Frame=
 -0.38196	-0.19784	0.90276	-1.97842
-0.15603	0.97660	0.14801	9.76601
0.91091	0.08432	0.40389	0.84319
0.00000	0.00000	0.00000	1.00000

boidNo = 4
boid Wall No = 1
position = = (-4.4, 2.2, 8.7)
Boid Radius= 10
Boid Frame=
 0.62629	-0.44267	0.64172	-4.42671
-0.61991	0.21634	0.75426	2.16344
0.47272	0.87019	0.13892	8.70194
0.00000	0.00000	0.00000	1.00000

boidNo = 5
boid Wall No = 0
position = = (1.1, -9.9, -0.2)
Boid Radius= 10
Boid Frame=
 -0.33418	0.10552	0.93658	1.05521
-0.01255	-0.99412	0.10753	-9.94123
-0.94243	-0.02418	-0.33354	-0.24181
0.00000	0.00000	0.00000	1.00000

boidNo = 6
boid Wall No = 0
position = = (-1.0, -10.0, 0.0)
Boid Radius= 10
Boid Frame=
 0.09950	-0.09749	-0.99025	-0.97486
-0.00484	-0.99522	0.09749	-9.95225
0.99503	0.00491	0.09950	0.04907
0.00000	0.00000	0.00000	1.00000

boidNo = 7
boid Wall No = 1
position = = (1.9, 9.6, 2.0)
Boid Radius= 10
Boid Frame=
 0.79517	0.18761	-0.57664	1.87607
-0.02651	0.96078	0.27604	9.60782
-0.60581	0.20421	-0.76896	2.04210
0.00000	0.00000	0.00000	1.00000

boidNo = 8
boid Wall No = 1
position = = (-6.3, 6.4, -4.5)
Boid Radius= 10
Boid Frame=
 -0.75808	-0.62799	0.17593	-6.27987
-0.37040	0.63662	0.67640	6.36621
0.53677	-0.44760	0.71522	-4.47601
0.00000	0.00000	0.00000	1.00000

boidNo = 9
boid Wall No = 0
position = = (0.6, -9.9, -0.8)
Boid Radius= 10
Boid Frame=
 -0.83888	0.06144	0.54083	0.61439
-0.00661	-0.99469	0.10275	-9.94685
-0.54427	-0.08262	-0.83483	-0.82624
0.00000	0.00000	0.00000	1.00000

boidNo = 10
boid Wall No = 0
position = = (2.3, -8.7, -4.3)
Boid Radius= 9.999999
Boid Frame=
 -0.75200	0.23310	0.61657	2.33104
0.11852	-0.87232	0.47435	-8.72319
-0.64842	-0.42979	-0.62836	-4.29792
0.00000	0.00000	0.00000	1.00000

boidNo = 11
boid Wall No = 1
position = = (-5.4, 5.0, 6.8)
Boid Radius= 9.999999
Boid Frame=
 0.42068	-0.53721	0.73105	-5.37206
-0.53738	0.50168	0.67789	5.01683
0.73092	0.67803	0.07764	6.78030
0.00000	0.00000	0.00000	1.00000

boidNo = 12
boid Wall No = 1
position = = (-5.2, 0.4, -8.5)
Boid Radius= 10
Boid Frame=
 -0.66036	-0.52338	-0.53851	-5.23384
-0.64918	0.03740	0.75972	0.37400
0.37748	-0.85128	0.36447	-8.51276
0.00000	0.00000	0.00000	1.00000

boidNo = 13
boid Wall No = 0
position = = (-6.5, -5.2, 5.6)
Boid Radius= 10
Boid Frame=
 0.76020	-0.64820	-0.04400	-6.48202
-0.39558	-0.51553	0.76010	-5.15525
0.51538	0.56042	0.64832	5.60417
0.00000	0.00000	0.00000	1.00000

boidNo = 14
boid Wall No = 1
position = = (2.2, 9.7, -0.5)
Boid Radius= 10
Boid Frame=
 -0.43953	0.22152	-0.87049	2.21518
0.05237	0.97378	0.22136	9.73784
-0.89670	-0.05171	0.43960	-0.51709
0.00000	0.00000	0.00000	1.00000

boidNo = 15
boid Wall No = 1
position = = (-2.5, 6.8, -6.9)
Boid Radius= 10
Boid Frame=
 -0.89257	-0.25253	-0.37357	-2.52525
-0.43794	0.68276	0.58484	6.82762
-0.10737	-0.68561	0.72000	-6.85615
0.00000	0.00000	0.00000	1.00000

boidNo = 16
boid Wall No = 0
position = = (-4.3, -3.6, -8.3)
Boid Radius= 10
Boid Frame=
 -0.65775	-0.42930	-0.61893	-4.29298
-0.50719	-0.35508	0.78529	-3.55082
0.55689	-0.83043	-0.01582	-8.30434
0.00000	0.00000	0.00000	1.00000

boidNo = 17
boid Wall No = 1
position = = (-4.4, 2.7, -8.6)
Boid Radius= 10
Boid Frame=
 -0.77181	-0.43773	-0.46120	-4.37734
-0.60270	0.27244	0.75002	2.72442
0.20266	-0.85683	0.47409	-8.56834
0.00000	0.00000	0.00000	1.00000

boidNo = 18
boid Wall No = 1
position = = (6.5, 0.5, 7.6)
Boid Radius= 10
Boid Frame=
 0.53307	0.65361	0.53725	6.53608
-0.73800	0.04868	0.67304	0.48679
-0.41375	0.75527	-0.50831	7.55266
0.00000	0.00000	0.00000	1.00000

boidNo = 19
boid Wall No = 0
position = = (0.0, -10.0, 0.0)
Boid Radius= 9.999999
Boid Frame=
 0.34491	0.00080	0.93864	0.00804
-0.00029	-1.00000	0.00096	-9.99999
-0.93864	0.00060	0.34491	0.00601
0.00000	0.00000	0.00000	1.00000

boidNo = 20
boid Wall No = 0
position = = (5.1, -6.6, -5.5)
Boid Radius= 10
Boid Frame=
 -0.83632	0.50849	0.20496	5.08487
-0.22688	-0.66133	0.71496	-6.61335
-0.49909	-0.55143	-0.66845	-5.51432
0.00000	0.00000	0.00000	1.00000

boidNo = 21
boid Wall No = 1
position = = (-0.7, 9.9, 1.6)
Boid Radius= 10
Boid Frame=
 0.88777	-0.06793	0.45525	-0.67929
-0.01148	0.98547	0.16943	9.85475
0.46014	0.15564	-0.87410	1.55645
0.00000	0.00000	0.00000	1.00000

boidNo = 22
boid Wall No = 0
position = = (2.5, -1.4, 9.6)
Boid Radius= 10
Boid Frame=
 0.75754	0.24903	0.60342	2.49031
-0.58920	-0.13710	0.79627	-1.37104
-0.28103	0.95874	-0.04287	9.58742
0.00000	0.00000	0.00000	1.00000

boidNo = 23
boid Wall No = 1
position = = (-9.6, 2.2, -1.8)
Boid Radius= 10
Boid Frame=
 -0.27963	-0.95886	0.04893	-9.58861
-0.63727	0.22348	0.73752	2.23477
0.71812	-0.17505	0.67355	-1.75052
0.00000	0.00000	0.00000	1.00000

boidNo = 24
boid Wall No = 1
position = = (-1.2, 8.1, 5.7)
Boid Radius= 10
Boid Frame=
 0.89088	-0.11580	0.43923	-1.15795
-0.16772	0.81478	0.55498	8.14780
0.42214	0.56809	-0.70645	5.68089
0.00000	0.00000	0.00000	1.00000

boidNo = 25
boid Wall No = 0
position = = (2.7, -9.5, 1.6)
Boid Radius= 10
Boid Frame=
 0.63119	0.26942	0.72733	2.69423
0.04779	-0.94946	0.31023	-9.49458
-0.77416	0.16106	0.61216	1.61059
0.00000	0.00000	0.00000	1.00000

boidNo = 26
boid Wall No = 1
position = = (2.5, 8.9, -3.8)
Boid Radius= 10
Boid Frame=
 -0.29032	0.24735	-0.92441	2.47348
-0.30712	0.89083	0.33482	8.90830
-0.90631	-0.38110	0.18266	-3.81105
0.00000	0.00000	0.00000	1.00000

boidNo = 27
boid Wall No = 1
position = = (8.3, 2.0, 5.2)
Boid Radius= 10
Boid Frame=
 0.48921	0.82839	0.27285	8.28390
-0.71295	0.19963	0.67220	1.99633
-0.50237	0.52337	-0.68826	5.23371
0.00000	0.00000	0.00000	1.00000

boidNo = 28
boid Wall No = 0
position = = (-3.1, -3.1, 9.0)
Boid Radius= 10
Boid Frame=
 0.83783	-0.31344	0.44699	-3.13438
-0.53523	-0.31021	0.78569	-3.10210
0.10760	0.89751	0.42766	8.97511
0.00000	0.00000	0.00000	1.00000

boidNo = 29
boid Wall No = 1
position = = (-3.6, 7.6, -5.5)
Boid Radius= 10
Boid Frame=
 -0.89889	-0.36183	-0.24712	-3.61827
-0.43803	0.75601	0.48639	7.56012
-0.01084	-0.54546	0.83807	-5.45460
0.00000	0.00000	0.00000	1.00000

