Iteration Num of Simuation:0
m_SimulationDeltaT of action plan:0
boidNo = 0
boid Wall No = 0
position = = (-5.3, -1.0, 8.4)
Boid Radius= 10
Boid Frame=
 0.65438	-0.52748	0.54180	-5.27482
-0.68052	-0.09845	0.72608	-0.98453
0.32965	0.84384	0.42339	8.43842
0.00000	0.00000	0.00000	1.00000

boidNo = 1
boid Wall No = 1
position = = (7.8, 6.2, -1.0)
Boid Radius= 10
Boid Frame=
 0.20528	0.78231	-0.58809	7.82310
-0.40397	0.61504	0.67715	6.15041
-0.89144	-0.09857	-0.44228	-0.98569
0.00000	0.00000	0.00000	1.00000

boidNo = 2
boid Wall No = 0
position = = (-2.5, -8.7, 4.3)
Boid Radius= 10
Boid Frame=
 0.76315	-0.25105	-0.59546	-2.51055
0.09230	-0.86966	0.48495	-8.69655
0.63959	0.42505	0.64051	4.25054
0.00000	0.00000	0.00000	1.00000

boidNo = 3
boid Wall No = 0
position = = (-3.6, -3.6, 8.6)
Boid Radius= 10
Boid Frame=
 0.02418	-0.36463	0.93084	-3.64628
-0.92361	-0.36447	-0.11878	-3.64472
-0.38257	0.85686	0.34559	8.56858
0.00000	0.00000	0.00000	1.00000

boidNo = 4
boid Wall No = 0
position = = (-1.4, -9.9, -0.7)
Boid Radius= 10
Boid Frame=
 -0.39601	-0.13598	-0.90812	-1.35975
-0.00813	-0.98842	0.15154	-9.88417
0.91821	-0.06740	-0.39032	-0.67396
0.00000	0.00000	0.00000	1.00000

boidNo = 5
boid Wall No = 1
position = = (6.4, 7.7, -0.3)
Boid Radius= 10
Boid Frame=
 0.62253	0.63619	-0.45576	6.36191
-0.53939	0.77075	0.33912	7.70750
-0.56702	-0.03472	-0.82297	-0.34715
0.00000	0.00000	0.00000	1.00000

boidNo = 6
boid Wall No = 1
position = = (2.1, 3.9, 9.0)
Boid Radius= 10
Boid Frame=
 0.74035	0.21359	0.63738	2.13592
-0.66337	0.38549	0.64136	3.85488
0.10871	0.89765	-0.42709	8.97651
0.00000	0.00000	0.00000	1.00000

boidNo = 7
boid Wall No = 0
position = = (0.3, -9.9, 1.5)
Boid Radius= 10
Boid Frame=
 0.97433	0.03325	0.22268	0.33254
-0.00120	-0.98825	0.15284	-9.88250
-0.22514	0.14919	0.96284	1.49186
0.00000	0.00000	0.00000	1.00000

boidNo = 8
boid Wall No = 0
position = = (-8.3, -5.5, 0.4)
Boid Radius= 10
Boid Frame=
 0.29619	-0.83322	-0.46692	-8.33224
-0.38464	-0.55151	0.74019	-5.51512
0.87426	0.03964	0.48384	0.39643
0.00000	0.00000	0.00000	1.00000

boidNo = 9
boid Wall No = 1
position = = (1.7, 5.8, -8.0)
Boid Radius= 10
Boid Frame=
 -0.59630	0.17379	-0.78372	1.73787
-0.58267	0.57786	0.57146	5.77863
-0.55220	-0.79742	0.24332	-7.97416
0.00000	0.00000	0.00000	1.00000

boidNo = 10
boid Wall No = 0
position = = (-6.8, -0.3, 7.3)
Boid Radius= 10
Boid Frame=
 0.55780	-0.67839	0.47817	-6.78392
-0.66802	-0.02504	0.74372	-0.25044
0.49256	0.73427	0.46715	7.34274
0.00000	0.00000	0.00000	1.00000

boidNo = 11
boid Wall No = 0
position = = (2.2, -3.0, 9.3)
Boid Radius= 10
Boid Frame=
 0.73571	0.21712	0.64155	2.17122
-0.57684	-0.29553	0.76152	-2.95531
-0.35494	0.93033	0.09218	9.30333
0.00000	0.00000	0.00000	1.00000

boidNo = 12
boid Wall No = 1
position = = (-6.4, 2.1, 7.4)
Boid Radius= 10
Boid Frame=
 0.49577	-0.64406	0.58258	-6.44058
-0.61884	0.20865	0.75730	2.08653
0.60930	0.73597	0.29513	7.35971
0.00000	0.00000	0.00000	1.00000

boidNo = 13
boid Wall No = 1
position = = (-0.8, 4.4, -8.9)
Boid Radius= 10
Boid Frame=
 -0.83087	-0.07810	-0.55096	-0.78096
-0.52414	0.44239	0.72771	4.42392
-0.18691	-0.89341	0.40850	-8.93415
0.00000	0.00000	0.00000	1.00000

boidNo = 14
boid Wall No = 0
position = = (1.3, -8.5, -5.1)
Boid Radius= 10
Boid Frame=
 -0.90947	0.12725	0.39583	1.27252
0.10453	-0.85145	0.51391	-8.51454
-0.40242	-0.50876	-0.76107	-5.08756
0.00000	0.00000	0.00000	1.00000

boidNo = 15
boid Wall No = 1
position = = (1.6, 3.2, -9.3)
Boid Radius= 10
Boid Frame=
 -0.15081	0.16481	-0.97473	1.64807
-0.92514	0.32395	0.19791	3.23946
-0.34838	-0.93161	-0.10362	-9.31610
0.00000	0.00000	0.00000	1.00000

boidNo = 16
boid Wall No = 0
position = = (2.2, -9.8, 0.2)
Boid Radius= 10
Boid Frame=
 0.22114	0.21776	0.95062	2.17759
0.02782	-0.97576	0.21705	-9.75765
-0.97484	0.02155	0.22184	0.21554
0.00000	0.00000	0.00000	1.00000

boidNo = 17
boid Wall No = 0
position = = (0.8, -7.7, -6.4)
Boid Radius= 10
Boid Frame=
 -0.99589	0.07734	-0.04724	0.77340
-0.08972	-0.76784	0.63433	-7.67841
-0.01279	-0.63596	-0.77162	-6.35955
0.00000	0.00000	0.00000	1.00000

boidNo = 18
boid Wall No = 0
position = = (-1.2, -9.2, -3.8)
Boid Radius= 10
Boid Frame=
 -0.97206	-0.11789	-0.20298	-1.17893
0.02932	-0.91893	0.39333	-9.18931
0.23289	-0.37639	-0.89671	-3.76387
0.00000	0.00000	0.00000	1.00000

boidNo = 19
boid Wall No = 0
position = = (6.0, -7.2, -3.5)
Boid Radius= 10
Boid Frame=
 -0.63641	0.60489	0.47864	6.04886
-0.17045	-0.71547	0.67754	-7.15466
-0.75228	-0.34960	-0.55843	-3.49602
0.00000	0.00000	0.00000	1.00000

