Iteration Num of Simuation:0
m_SimulationDeltaT of action plan:0
boidNo = 0
boid Wall No = 0
position = = (2.1, -7.2, 6.6)
Boid Radius= 10
Boid Frame=
 0.84574	0.20561	0.49239	2.05608
-0.21035	-0.71958	0.66178	-7.19585
-0.49039	0.66327	0.56533	6.63267
0.00000	0.00000	0.00000	1.00000

boidNo = 1
boid Wall No = 1
position = = (-6.5, 2.6, -7.2)
Boid Radius= 9.999999
Boid Frame=
 -0.58037	-0.65015	-0.49039	-6.50147
-0.77531	0.25690	0.57697	2.56900
0.24914	-0.71506	0.65316	-7.15060
0.00000	0.00000	0.00000	1.00000

boidNo = 2
boid Wall No = 0
position = = (6.2, -7.5, -2.2)
Boid Radius= 10
Boid Frame=
 -0.43221	0.61680	0.65784	6.16797
-0.08599	-0.75436	0.65080	-7.54363
-0.89766	-0.22472	-0.37908	-2.24718
0.00000	0.00000	0.00000	1.00000

boidNo = 3
boid Wall No = 1
position = = (-0.4, 9.9, 1.4)
Boid Radius= 10
Boid Frame=
 0.99319	-0.03820	0.11003	-0.38198
0.02249	0.98981	0.14057	9.89815
0.11428	0.13714	-0.98394	1.37143
0.00000	0.00000	0.00000	1.00000

boidNo = 4
boid Wall No = 0
position = = (4.3, -8.8, -2.0)
Boid Radius= 10
Boid Frame=
 -0.32678	0.43130	0.84095	4.31301
0.05704	-0.87917	0.47307	-8.79175
-0.94338	-0.20256	-0.26270	-2.02561
0.00000	0.00000	0.00000	1.00000

boidNo = 5
boid Wall No = 0
position = = (-3.7, -8.8, -3.0)
Boid Radius= 9.999999
Boid Frame=
 0.91393	-0.37049	-0.16573	-3.70494
-0.40239	-0.88047	-0.25071	-8.80468
0.05303	-0.29582	0.95377	-2.95822
0.00000	0.00000	0.00000	1.00000

boidNo = 6
boid Wall No = 1
position = = (1.7, 9.9, 0.4)
Boid Radius= 10
Boid Frame=
 0.58421	0.16582	-0.79449	1.65822
-0.06699	0.98542	0.15642	9.85417
-0.80884	0.03816	-0.58679	0.38158
0.00000	0.00000	0.00000	1.00000

boidNo = 7
boid Wall No = 1
position = = (-3.4, 8.0, -4.9)
Boid Radius= 10
Boid Frame=
 -0.76536	-0.34071	-0.54603	-3.40709
-0.53988	0.80171	0.25649	8.01712
-0.35037	-0.49110	0.79754	-4.91095
0.00000	0.00000	0.00000	1.00000

boidNo = 8
boid Wall No = 1
position = = (9.6, 2.7, -0.9)
Boid Radius= 10
Boid Frame=
 0.10720	0.95780	-0.26671	9.57795
-0.63568	0.27230	0.72234	2.72295
-0.76447	-0.09211	-0.63804	-0.92107
0.00000	0.00000	0.00000	1.00000

boidNo = 9
boid Wall No = 1
position = = (2.0, 8.8, -4.3)
Boid Radius= 9.999999
Boid Frame=
 -0.84842	0.20059	-0.48985	2.00589
-0.06483	0.87907	0.47226	8.79075
-0.52534	-0.43243	0.73282	-4.32425
0.00000	0.00000	0.00000	1.00000

