Iteration Num of Simuation:0
m_SimulationDeltaT of action plan:0
boidNo = 0
boid Wall No = 0
position = = (2.6, -9.1, 3.3)
Boid Radius= 10
Boid Frame=
 0.71779	0.26385	0.64433	2.63846
-0.04166	-0.90748	0.41802	-9.07484
-0.69501	0.32689	0.64039	3.26893
0.00000	0.00000	0.00000	1.00000

boidNo = 1
boid Wall No = 1
position = = (1.9, 2.3, 9.5)
Boid Radius= 10
Boid Frame=
 0.76546	0.19137	0.61437	1.91367
-0.64347	0.23307	0.72913	2.33073
0.00366	0.95344	-0.30155	9.53444
0.00000	0.00000	0.00000	1.00000

boidNo = 2
boid Wall No = 0
position = = (4.0, -6.8, 6.1)
Boid Radius= 10
Boid Frame=
 0.66426	0.40348	0.62925	4.03480
-0.23865	-0.68329	0.69005	-6.83286
-0.70838	0.60854	0.35759	6.08543
0.00000	0.00000	0.00000	1.00000

boidNo = 3
boid Wall No = 1
position = = (0.9, 9.4, 3.3)
Boid Radius= 9.999999
Boid Frame=
 0.93764	0.09213	-0.33517	0.92131
0.02875	0.94038	0.33891	9.40381
-0.34641	0.32741	-0.87909	3.27407
0.00000	0.00000	0.00000	1.00000

boidNo = 4
boid Wall No = 0
position = = (7.5, -6.5, 1.2)
Boid Radius= 10
Boid Frame=
 -0.10677	0.75226	0.65016	7.52257
-0.29440	-0.64850	0.70198	-6.48497
-0.94970	0.11646	-0.29070	1.16456
0.00000	0.00000	0.00000	1.00000

boidNo = 5
boid Wall No = 0
position = = (5.1, -0.7, 8.6)
Boid Radius= 10
Boid Frame=
 0.39586	0.51065	0.76324	5.10648
-0.86582	-0.06943	0.49552	-0.69434
-0.30603	0.85698	-0.41464	8.56982
0.00000	0.00000	0.00000	1.00000

boidNo = 6
boid Wall No = 0
position = = (2.5, -8.4, 4.8)
Boid Radius= 9.999999
Boid Frame=
 0.94002	0.24913	0.23303	2.49130
0.09114	-0.84170	0.53220	-8.41699
-0.32872	0.47904	0.81392	4.79038
0.00000	0.00000	0.00000	1.00000

boidNo = 7
boid Wall No = 0
position = = (-7.5, -6.5, -0.9)
Boid Radius= 10
Boid Frame=
 0.12799	-0.75292	-0.64555	-7.52918
-0.27511	-0.65231	0.70626	-6.52313
0.95286	-0.08720	0.29062	-0.87198
0.00000	0.00000	0.00000	1.00000

boidNo = 8
boid Wall No = 0
position = = (-3.7, -8.7, -3.2)
Boid Radius= 10
Boid Frame=
 -0.70475	-0.37024	-0.60519	-3.70239
0.04327	-0.87387	0.48422	-8.73875
0.70814	-0.31507	-0.63188	-3.15065
0.00000	0.00000	0.00000	1.00000

boidNo = 9
boid Wall No = 0
position = = (-2.6, -9.7, -0.3)
Boid Radius= 10
Boid Frame=
 0.94600	-0.26039	0.19307	-2.60388
-0.24888	-0.96505	-0.08209	-9.65050
-0.20770	-0.02960	0.97774	-0.29603
0.00000	0.00000	0.00000	1.00000

boidNo = 10
boid Wall No = 0
position = = (0.6, -9.8, -2.1)
Boid Radius= 10
Boid Frame=
 -0.97544	0.05568	0.21312	0.55680
-0.00829	-0.97612	0.21707	-9.76121
-0.22012	-0.20997	-0.95261	-2.09972
0.00000	0.00000	0.00000	1.00000

boidNo = 11
boid Wall No = 0
position = = (-5.7, -4.3, 7.0)
Boid Radius= 10
Boid Frame=
 0.40560	-0.56914	0.71524	-5.69142
-0.88831	-0.42984	0.16170	-4.29844
-0.21541	0.70094	0.67992	7.00936
0.00000	0.00000	0.00000	1.00000

boidNo = 12
boid Wall No = 0
position = = (-0.1, -9.9, 1.3)
Boid Radius= 10
Boid Frame=
 0.99735	-0.00545	0.07256	-0.05446
-0.01485	-0.99145	0.12968	-9.91445
-0.07123	0.13041	0.98890	1.30411
0.00000	0.00000	0.00000	1.00000

boidNo = 13
boid Wall No = 0
position = = (-3.4, -9.3, 1.1)
Boid Radius= 10
Boid Frame=
 0.30407	-0.33735	-0.89092	-3.37348
0.00390	-0.93475	0.35528	-9.34753
0.95264	0.11150	0.28292	1.11502
0.00000	0.00000	0.00000	1.00000

boidNo = 14
boid Wall No = 1
position = = (2.3, 6.3, -7.4)
Boid Radius= 9.999999
Boid Frame=
 -0.63216	0.23119	-0.73955	2.31190
-0.48209	0.62986	0.60898	6.29865
-0.60661	-0.74150	0.28672	-7.41500
0.00000	0.00000	0.00000	1.00000

boidNo = 15
boid Wall No = 0
position = = (4.9, -4.3, -7.6)
Boid Radius= 10
Boid Frame=
 -0.84674	0.49094	-0.20497	4.90935
-0.44159	-0.43373	0.78541	-4.33728
-0.29669	-0.75555	-0.58405	-7.55554
0.00000	0.00000	0.00000	1.00000

boidNo = 16
boid Wall No = 1
position = = (-9.3, 3.1, 2.0)
Boid Radius= 10
Boid Frame=
 -0.02955	-0.92816	0.37101	-9.28159
-0.60408	0.31230	0.73318	3.12301
0.79637	0.20246	0.56991	2.02457
0.00000	0.00000	0.00000	1.00000

boidNo = 17
boid Wall No = 1
position = = (-4.2, 6.5, -6.4)
Boid Radius= 10
Boid Frame=
 -0.90201	-0.41945	-0.10221	-4.19446
-0.37566	0.64588	0.66463	6.45875
0.21276	-0.63789	0.74015	-6.37895
0.00000	0.00000	0.00000	1.00000

boidNo = 18
boid Wall No = 1
position = = (-7.3, 1.2, 6.7)
Boid Radius= 10
Boid Frame=
 0.44903	-0.73416	0.50929	-7.34161
-0.65607	0.11605	0.74572	1.16046
0.60658	0.66898	0.42956	6.68985
0.00000	0.00000	0.00000	1.00000

boidNo = 19
boid Wall No = 0
position = = (-5.5, -6.4, -5.4)
Boid Radius= 10
Boid Frame=
 -0.50429	-0.54873	-0.66678	-5.48725
-0.26210	-0.63847	0.72365	-6.38467
0.82280	-0.53969	-0.17815	-5.39686
0.00000	0.00000	0.00000	1.00000

