Iteration Num of Simuation:0
m_SimulationDeltaT of action plan:0
boidNo = 0
boid Wall No = 1
position = = (7.0, 2.9, -6.5)
Boid Radius= 10
Boid Frame=
 -0.41589	0.70003	-0.58051	7.00025
-0.58231	0.28533	0.76125	2.85333
-0.69854	-0.65464	-0.28896	-6.54637
0.00000	0.00000	0.00000	1.00000

boidNo = 1
boid Wall No = 1
position = = (-1.9, 8.5, 4.9)
Boid Radius= 10
Boid Frame=
 0.81549	-0.19077	0.54643	-1.90769
-0.14181	0.84948	0.50820	8.49482
0.56113	0.49192	-0.66569	4.91923
0.00000	0.00000	0.00000	1.00000

boidNo = 2
boid Wall No = 0
position = = (-1.5, -9.0, -4.1)
Boid Radius= 10
Boid Frame=
 -0.98863	-0.14779	-0.02789	-1.47792
0.12283	-0.90040	0.41737	-9.00398
0.08680	-0.40920	-0.90831	-4.09197
0.00000	0.00000	0.00000	1.00000

boidNo = 3
boid Wall No = 1
position = = (3.7, 9.3, -0.1)
Boid Radius= 10
Boid Frame=
 -0.03959	0.36651	-0.92957	3.66507
0.00418	0.93035	0.36664	9.30355
-0.99921	-0.01063	0.03836	-0.10630
0.00000	0.00000	0.00000	1.00000

boidNo = 4
boid Wall No = 1
position = = (-5.0, 7.0, -5.0)
Boid Radius= 10
Boid Frame=
 -0.85755	-0.50440	0.10097	-5.04397
-0.33869	0.70138	0.62718	7.01380
0.38717	-0.50364	0.77230	-5.03638
0.00000	0.00000	0.00000	1.00000

boidNo = 5
boid Wall No = 0
position = = (9.8, -2.1, 0.6)
Boid Radius= 10
Boid Frame=
 -0.06372	0.97564	0.20992	9.75640
-0.53641	-0.21086	0.81719	-2.10862
-0.84155	0.06053	-0.53677	0.60533
0.00000	0.00000	0.00000	1.00000

boidNo = 6
boid Wall No = 0
position = = (-7.9, -1.3, 6.0)
Boid Radius= 10
Boid Frame=
 0.55727	-0.79093	0.25275	-7.90927
-0.55996	-0.13322	0.81774	-1.33216
0.61310	0.59723	0.51712	5.97233
0.00000	0.00000	0.00000	1.00000

boidNo = 7
boid Wall No = 1
position = = (-6.5, 2.9, -7.0)
Boid Radius= 10
Boid Frame=
 -0.70368	-0.64689	-0.29390	-6.46888
-0.58601	0.29449	0.75490	2.94487
0.40178	-0.70343	0.58631	-7.03430
0.00000	0.00000	0.00000	1.00000

boidNo = 8
boid Wall No = 0
position = = (5.5, -2.2, 8.1)
Boid Radius= 10
Boid Frame=
 0.42773	0.55105	0.71651	5.51053
-0.75671	-0.21528	0.61729	-2.15277
-0.49441	0.80622	-0.32491	8.06223
0.00000	0.00000	0.00000	1.00000

boidNo = 9
boid Wall No = 0
position = = (4.3, -7.3, 5.3)
Boid Radius= 10
Boid Frame=
 0.67890	0.43072	0.59462	4.30721
-0.12756	-0.72835	0.67323	-7.28351
-0.72306	0.53290	0.43954	5.32902
0.00000	0.00000	0.00000	1.00000

boidNo = 10
boid Wall No = 1
position = = (-5.8, 7.1, -3.9)
Boid Radius= 10
Boid Frame=
 -0.79019	-0.58084	0.19551	-5.80835
-0.37823	0.71320	0.59016	7.13201
0.48222	-0.39240	0.78326	-3.92396
0.00000	0.00000	0.00000	1.00000

boidNo = 11
boid Wall No = 1
position = = (7.0, 4.3, 5.7)
Boid Radius= 10
Boid Frame=
 0.69490	0.69730	0.17574	6.97299
-0.60043	0.42815	0.67541	4.28147
-0.39572	0.57486	-0.71620	5.74861
0.00000	0.00000	0.00000	1.00000

boidNo = 12
boid Wall No = 1
position = = (9.6, 2.7, 0.0)
Boid Radius= 10
Boid Frame=
 0.19355	0.96262	-0.18946	9.62624
-0.69534	0.27083	0.66570	2.70827
-0.69213	-0.00290	-0.72177	-0.02895
0.00000	0.00000	0.00000	1.00000

boidNo = 13
boid Wall No = 1
position = = (6.6, 5.3, -5.3)
Boid Radius= 10
Boid Frame=
 0.18293	0.66400	-0.72501	6.63996
-0.79733	0.53163	0.28571	5.31633
-0.57515	-0.52581	-0.62668	-5.25811
0.00000	0.00000	0.00000	1.00000

boidNo = 14
boid Wall No = 1
position = = (-8.6, 0.9, 4.9)
Boid Radius= 10
Boid Frame=
 0.25014	-0.86404	0.43688	-8.64041
-0.77184	0.09447	0.62875	0.94468
0.58454	0.49448	0.64328	4.94478
0.00000	0.00000	0.00000	1.00000

boidNo = 15
boid Wall No = 0
position = = (-5.6, -4.9, 6.7)
Boid Radius= 10
Boid Frame=
 0.79522	-0.55812	0.23690	-5.58121
-0.54775	-0.49378	0.67539	-4.93782
0.25997	0.66684	0.69838	6.66844
0.00000	0.00000	0.00000	1.00000

boidNo = 16
boid Wall No = 0
position = = (2.5, -8.6, 4.5)
Boid Radius= 10
Boid Frame=
 0.93956	0.24708	0.23700	2.47084
0.09714	-0.85617	0.50748	-8.56172
-0.32831	0.45378	0.82843	4.53783
0.00000	0.00000	0.00000	1.00000

boidNo = 17
boid Wall No = 1
position = = (2.7, 9.4, -2.2)
Boid Radius= 10
Boid Frame=
 -0.50618	0.27241	-0.81828	2.72412
-0.05670	0.93624	0.34676	9.36240
-0.86056	-0.22191	0.45846	-2.21915
0.00000	0.00000	0.00000	1.00000

boidNo = 18
boid Wall No = 0
position = = (1.0, -9.6, -2.8)
Boid Radius= 10
Boid Frame=
 -0.96549	0.10387	0.23884	1.03872
-0.03025	-0.95554	0.29330	-9.55541
-0.25868	-0.27596	-0.92571	-2.75957
0.00000	0.00000	0.00000	1.00000

boidNo = 19
boid Wall No = 0
position = = (2.0, -8.4, 5.1)
Boid Radius= 10
Boid Frame=
 0.95351	0.20008	0.22535	2.00078
0.04683	-0.83708	0.54508	-8.37079
-0.29769	0.50918	0.80753	5.09184
0.00000	0.00000	0.00000	1.00000

boidNo = 20
boid Wall No = 1
position = = (6.0, 4.4, -6.6)
Boid Radius= 10
Boid Frame=
 -0.22893	0.60115	-0.76564	6.01153
-0.70087	0.44405	0.55821	4.44049
-0.67555	-0.66441	-0.31967	-6.64406
0.00000	0.00000	0.00000	1.00000

boidNo = 21
boid Wall No = 0
position = = (-3.1, -3.8, 8.7)
Boid Radius= 10
Boid Frame=
 0.87970	-0.31197	0.35889	-3.11974
-0.46211	-0.38278	0.79996	-3.82778
0.11219	0.86957	0.48090	8.69571
0.00000	0.00000	0.00000	1.00000

boidNo = 22
boid Wall No = 0
position = = (-1.2, -9.9, -0.3)
Boid Radius= 10
Boid Frame=
 -0.16946	-0.11886	-0.97834	-1.18864
-0.01000	-0.99244	0.12231	-9.92442
0.98549	-0.03051	-0.16699	-0.30512
0.00000	0.00000	0.00000	1.00000

boidNo = 23
boid Wall No = 1
position = = (5.5, 4.7, -6.9)
Boid Radius= 10
Boid Frame=
 -0.30396	0.54766	-0.77953	5.47663
-0.65994	0.46909	0.58689	4.69087
-0.68708	-0.69284	-0.21884	-6.92837
0.00000	0.00000	0.00000	1.00000

boidNo = 24
boid Wall No = 0
position = = (5.0, -6.1, 6.1)
Boid Radius= 10
Boid Frame=
 0.58829	0.50036	0.63526	5.00358
-0.27876	-0.61195	0.74014	-6.11950
-0.75909	0.61250	0.22052	6.12503
0.00000	0.00000	0.00000	1.00000

boidNo = 25
boid Wall No = 0
position = = (4.9, -5.9, -6.4)
Boid Radius= 10
Boid Frame=
 -0.87035	0.49236	0.00795	4.92362
-0.32681	-0.58964	0.73859	-5.89642
-0.36834	-0.64024	-0.67411	-6.40235
0.00000	0.00000	0.00000	1.00000

boidNo = 26
boid Wall No = 0
position = = (-9.2, -2.1, 3.3)
Boid Radius= 10
Boid Frame=
 0.38764	-0.92140	0.02744	-9.21401
-0.54642	-0.20571	0.81185	-2.05708
0.74240	0.32970	0.58322	3.29705
0.00000	0.00000	0.00000	1.00000

boidNo = 27
boid Wall No = 0
position = = (5.6, -0.8, 8.2)
Boid Radius= 9.999999
Boid Frame=
 0.54907	0.56377	0.61700	5.63767
-0.70985	-0.07512	0.70034	-0.75122
-0.44118	0.82251	-0.35894	8.22510
0.00000	0.00000	0.00000	1.00000

boidNo = 28
boid Wall No = 0
position = = (-1.7, -7.3, 6.6)
Boid Radius= 10
Boid Frame=
 0.98556	-0.16912	0.00844	-1.69123
-0.13111	-0.73063	0.67006	-7.30632
0.10716	0.66149	0.74226	6.61494
0.00000	0.00000	0.00000	1.00000

boidNo = 29
boid Wall No = 1
position = = (-8.2, 5.5, 1.7)
Boid Radius= 10
Boid Frame=
 -0.28636	-0.81855	0.49797	-8.18549
-0.64666	0.54862	0.52995	5.48624
0.70699	0.17026	0.68643	1.70264
0.00000	0.00000	0.00000	1.00000

