Iteration Num of Simuation:0
m_SimulationDeltaT of action plan:0
boidNo = 0
boid Wall No = 0
position = = (7.4, -1.8, 6.4)
Boid Radius= 10
Boid Frame=
 0.34833	0.74191	0.57292	7.41909
-0.71537	-0.18455	0.67393	-1.84552
-0.60573	0.64460	-0.46645	6.44602
0.00000	0.00000	0.00000	1.00000

boidNo = 1
boid Wall No = 1
position = = (0.5, 4.7, 8.8)
Boid Radius= 10
Boid Frame=
 0.61885	0.05046	0.78388	0.50459
-0.70552	0.47443	0.52645	4.74434
0.34534	0.87884	-0.32921	8.78844
0.00000	0.00000	0.00000	1.00000

boidNo = 2
boid Wall No = 0
position = = (-1.6, -2.6, 9.5)
Boid Radius= 10
Boid Frame=
 0.10691	-0.16407	0.98064	-1.64068
-0.96422	-0.25777	0.06200	-2.57771
-0.24261	0.95217	0.18576	9.52174
0.00000	0.00000	0.00000	1.00000

boidNo = 3
boid Wall No = 1
position = = (3.1, 1.6, -9.4)
Boid Radius= 10
Boid Frame=
 -0.58661	0.31002	-0.74818	3.10020
-0.74443	0.15740	0.64888	1.57397
-0.31893	-0.93761	-0.13846	-9.37611
0.00000	0.00000	0.00000	1.00000

boidNo = 4
boid Wall No = 1
position = = (-3.9, 8.3, 3.9)
Boid Radius= 10
Boid Frame=
 0.52780	-0.39257	0.75321	-3.92566
-0.14033	0.83429	0.53316	8.34292
0.83770	0.38710	-0.38525	3.87103
0.00000	0.00000	0.00000	1.00000

boidNo = 5
boid Wall No = 1
position = = (6.5, 5.9, 4.8)
Boid Radius= 10
Boid Frame=
 0.72319	0.64822	0.23835	6.48219
-0.67429	0.58801	0.44674	5.88008
-0.14943	0.48380	-0.86233	4.83797
0.00000	0.00000	0.00000	1.00000

boidNo = 6
boid Wall No = 1
position = = (-6.2, 2.4, -7.5)
Boid Radius= 10
Boid Frame=
 -0.63312	-0.61560	-0.46924	-6.15601
-0.71873	0.24248	0.65163	2.42484
0.28736	-0.74982	0.59598	-7.49825
0.00000	0.00000	0.00000	1.00000

boidNo = 7
boid Wall No = 1
position = = (-5.0, 0.5, 8.7)
Boid Radius= 10
Boid Frame=
 0.62210	-0.49745	0.60460	-4.97450
-0.67741	0.04522	0.73422	0.45217
0.39257	0.86631	0.30885	8.66314
0.00000	0.00000	0.00000	1.00000

boidNo = 8
boid Wall No = 0
position = = (-7.6, -3.8, 5.3)
Boid Radius= 10
Boid Frame=
 0.64314	-0.75894	0.10193	-7.58936
-0.56358	-0.37902	0.73398	-3.79016
0.51841	0.52949	0.67148	5.29493
0.00000	0.00000	0.00000	1.00000

boidNo = 9
boid Wall No = 1
position = = (-5.4, 7.8, 3.2)
Boid Radius= 9.999999
Boid Frame=
 0.09940	-0.53850	0.83674	-5.38500
-0.31307	0.78128	0.53999	7.81278
0.94452	0.31563	0.09093	3.15630
0.00000	0.00000	0.00000	1.00000

boidNo = 10
boid Wall No = 0
position = = (-5.9, -5.0, -6.3)
Boid Radius= 10
Boid Frame=
 -0.21933	-0.59081	-0.77643	-5.90807
-0.65737	-0.49856	0.56507	-4.98561
0.72094	-0.63434	0.27903	-6.34337
0.00000	0.00000	0.00000	1.00000

boidNo = 11
boid Wall No = 0
position = = (0.7, -9.9, 0.8)
Boid Radius= 10
Boid Frame=
 0.63749	0.06597	0.76763	0.65970
-0.02242	-0.99432	0.10407	-9.94317
-0.77013	0.08356	0.63239	0.83560
0.00000	0.00000	0.00000	1.00000

boidNo = 12
boid Wall No = 0
position = = (-1.3, -9.8, 1.3)
Boid Radius= 10
Boid Frame=
 0.70560	-0.12883	-0.69680	-1.28833
-0.00102	-0.98352	0.18081	-9.83518
0.70861	0.12686	0.69411	1.26864
0.00000	0.00000	0.00000	1.00000

boidNo = 13
boid Wall No = 0
position = = (9.8, -1.0, 1.5)
Boid Radius= 10
Boid Frame=
 0.04600	0.98387	0.17285	9.83873
-0.64968	-0.10198	0.75334	-1.01978
-0.75882	0.14695	-0.63451	1.46950
0.00000	0.00000	0.00000	1.00000

boidNo = 14
boid Wall No = 1
position = = (-3.7, 3.1, 8.8)
Boid Radius= 10
Boid Frame=
 0.63568	-0.37099	0.67696	-3.70995
-0.60400	0.30708	0.73545	3.07078
0.48073	0.87639	0.02888	8.76394
0.00000	0.00000	0.00000	1.00000

boidNo = 15
boid Wall No = 0
position = = (6.5, -7.6, 0.4)
Boid Radius= 10
Boid Frame=
 -0.03363	0.64952	0.75960	6.49521
-0.07889	-0.75938	0.64584	-7.59383
-0.99632	0.03820	-0.07678	0.38204
0.00000	0.00000	0.00000	1.00000

boidNo = 16
boid Wall No = 0
position = = (3.3, -3.0, 9.0)
Boid Radius= 10
Boid Frame=
 0.43025	0.32739	0.84125	3.27385
-0.79816	-0.29738	0.52394	-2.97379
-0.42170	0.89687	-0.13336	8.96875
0.00000	0.00000	0.00000	1.00000

boidNo = 17
boid Wall No = 0
position = = (7.5, -4.7, -4.7)
Boid Radius= 10
Boid Frame=
 -0.64598	0.74718	-0.15630	7.47182
-0.68142	-0.47214	0.55924	-4.72142
-0.34406	-0.46776	-0.81414	-4.67762
0.00000	0.00000	0.00000	1.00000

boidNo = 18
boid Wall No = 1
position = = (2.7, 9.0, -3.5)
Boid Radius= 10
Boid Frame=
 -0.74064	0.27269	-0.61407	2.72690
-0.03802	0.89546	0.44351	8.95465
-0.67082	-0.35183	0.65285	-3.51828
0.00000	0.00000	0.00000	1.00000

boidNo = 19
boid Wall No = 1
position = = (3.2, 8.9, -3.2)
Boid Radius= 9.999999
Boid Frame=
 -0.64080	0.32445	-0.69578	3.24450
-0.04369	0.88943	0.45498	8.89428
-0.76647	-0.32195	0.55577	-3.21946
0.00000	0.00000	0.00000	1.00000

