Iteration Num of Simuation:0
m_SimulationDeltaT of action plan:0
boidNo = 0
boid Wall No = 1
position = = (5.4, 3.3, -7.7)
Boid Radius= 10
Boid Frame=
 -0.44095	0.53779	-0.71857	5.37790
-0.67152	0.33352	0.66169	3.33523
-0.59551	-0.77430	-0.21407	-7.74303
0.00000	0.00000	0.00000	1.00000

boidNo = 1
boid Wall No = 0
position = = (-5.8, -8.1, -0.6)
Boid Radius= 10
Boid Frame=
 -0.12456	-0.58163	-0.80386	-5.81631
0.02037	-0.81150	0.58400	-8.11498
0.99200	-0.05636	-0.11293	-0.56364
0.00000	0.00000	0.00000	1.00000

boidNo = 2
boid Wall No = 0
position = = (-3.6, -7.8, -5.1)
Boid Radius= 10
Boid Frame=
 -0.67368	-0.35882	-0.64607	-3.58817
-0.16522	-0.77897	0.60491	-7.78966
0.72032	-0.51426	-0.46549	-5.14259
0.00000	0.00000	0.00000	1.00000

boidNo = 3
boid Wall No = 0
position = = (-0.9, -9.9, -0.7)
Boid Radius= 10
Boid Frame=
 -0.54222	-0.08507	-0.83592	-0.85066
-0.01083	-0.99407	0.10819	-9.94072
0.84017	-0.06772	-0.53808	-0.67718
0.00000	0.00000	0.00000	1.00000

boidNo = 4
boid Wall No = 1
position = = (-2.8, 9.5, 1.1)
Boid Radius= 10
Boid Frame=
 0.36285	-0.28436	0.88740	-2.84363
0.00365	0.95273	0.30380	9.52727
0.93184	0.10700	-0.34673	1.06996
0.00000	0.00000	0.00000	1.00000

boidNo = 5
boid Wall No = 1
position = = (7.8, 4.4, 4.5)
Boid Radius= 10
Boid Frame=
 0.62898	0.77706	0.02393	7.77057
-0.57429	0.44366	0.68801	4.43664
-0.52401	0.44648	-0.72531	4.46481
0.00000	0.00000	0.00000	1.00000

boidNo = 6
boid Wall No = 0
position = = (-6.6, -1.4, -7.4)
Boid Radius= 10
Boid Frame=
 -0.55505	-0.66048	-0.50565	-6.60484
-0.57399	-0.13585	0.80751	-1.35845
0.60204	-0.73845	0.30371	-7.38449
0.00000	0.00000	0.00000	1.00000

boidNo = 7
boid Wall No = 1
position = = (7.3, 6.4, -2.2)
Boid Radius= 10
Boid Frame=
 0.16428	0.73090	-0.66241	7.30902
-0.48432	0.64479	0.59134	6.44787
-0.85933	-0.22368	-0.45992	-2.23677
0.00000	0.00000	0.00000	1.00000

boidNo = 8
boid Wall No = 1
position = = (1.5, 7.7, 6.3)
Boid Radius= 10
Boid Frame=
 0.60124	0.14711	0.78541	1.47109
-0.57178	0.76582	0.29426	7.65822
0.55820	0.62600	-0.54456	6.26000
0.00000	0.00000	0.00000	1.00000

boidNo = 9
boid Wall No = 0
position = = (5.7, -8.2, -0.1)
Boid Radius= 10
Boid Frame=
 -0.16338	0.57377	0.80255	5.73774
-0.10601	-0.81898	0.56394	-8.18983
-0.98085	-0.00706	-0.19463	-0.07057
0.00000	0.00000	0.00000	1.00000

boidNo = 10
boid Wall No = 1
position = = (2.1, 5.7, 7.9)
Boid Radius= 10
Boid Frame=
 0.90226	0.21049	0.37632	2.10495
-0.42594	0.57092	0.70188	5.70916
0.06711	0.79357	-0.60477	7.93566
0.00000	0.00000	0.00000	1.00000

boidNo = 11
boid Wall No = 0
position = = (3.8, -8.7, 3.3)
Boid Radius= 10
Boid Frame=
 0.81995	0.37594	0.43169	3.75941
0.14466	-0.86572	0.47917	-8.65722
-0.55386	0.33044	0.76423	3.30445
0.00000	0.00000	0.00000	1.00000

boidNo = 12
boid Wall No = 0
position = = (7.1, -3.4, 6.2)
Boid Radius= 10
Boid Frame=
 0.42678	0.71059	0.55939	7.10591
-0.49373	-0.33516	0.80243	-3.35156
-0.75768	0.61865	-0.20781	6.18653
0.00000	0.00000	0.00000	1.00000

boidNo = 13
boid Wall No = 0
position = = (-0.3, -8.6, -5.2)
Boid Radius= 10
Boid Frame=
 -0.99784	-0.02637	0.06021	-0.26374
0.05370	-0.85538	0.51522	-8.55376
-0.03791	-0.51734	-0.85494	-5.17336
0.00000	0.00000	0.00000	1.00000

boidNo = 14
boid Wall No = 0
position = = (-9.3, -1.2, 3.4)
Boid Radius= 10
Boid Frame=
 0.33203	-0.93134	0.14958	-9.31335
-0.67446	-0.12354	0.72791	-1.23542
0.65945	0.34257	0.66916	3.42566
0.00000	0.00000	0.00000	1.00000

boidNo = 15
boid Wall No = 0
position = = (-0.3, -10.0, 0.6)
Boid Radius= 10
Boid Frame=
 0.82808	-0.03120	-0.55975	-0.31198
0.00745	-0.99775	0.06663	-9.97750
0.56057	0.05935	0.82598	0.59347
0.00000	0.00000	0.00000	1.00000

boidNo = 16
boid Wall No = 1
position = = (8.7, 3.4, 3.7)
Boid Radius= 10
Boid Frame=
 0.48287	0.86519	0.13525	8.65186
-0.76619	0.34263	0.54365	3.42633
-0.42402	0.36614	-0.82834	3.66136
0.00000	0.00000	0.00000	1.00000

boidNo = 17
boid Wall No = 0
position = = (-8.3, -5.5, -1.4)
Boid Radius= 10
Boid Frame=
 0.25867	-0.82629	-0.50034	-8.26286
-0.59141	-0.54501	0.59431	-5.45011
0.76376	-0.14218	0.62965	-1.42180
0.00000	0.00000	0.00000	1.00000

boidNo = 18
boid Wall No = 0
position = = (-5.5, -7.4, 3.7)
Boid Radius= 10
Boid Frame=
 0.68058	-0.55395	-0.47954	-5.53947
-0.14660	-0.74422	0.65164	-7.44224
0.71786	0.37319	0.58771	3.73195
0.00000	0.00000	0.00000	1.00000

boidNo = 19
boid Wall No = 0
position = = (7.0, -6.9, 2.0)
Boid Radius= 10
Boid Frame=
 -0.08122	0.69761	0.71186	6.97612
-0.35140	-0.68840	0.63453	-6.88396
-0.93269	0.19861	-0.30105	1.98614
0.00000	0.00000	0.00000	1.00000

