Iteration Num of Simuation:0
m_SimulationDeltaT of action plan:0
boidNo = 0
boid Wall No = 1
position = = (2.2, 9.7, -0.9)
Boid Radius= 10
Boid Frame=
 -0.57028	0.22207	-0.79086	2.22068
0.05448	0.97087	0.23333	9.70870
-0.81964	-0.08998	0.56577	-0.89983
0.00000	0.00000	0.00000	1.00000

boidNo = 1
boid Wall No = 0
position = = (6.6, -6.3, -4.0)
Boid Radius= 10
Boid Frame=
 -0.72660	0.66234	0.18267	6.62335
-0.41243	-0.63310	0.65505	-6.33101
-0.54951	-0.40062	-0.73317	-4.00618
0.00000	0.00000	0.00000	1.00000

boidNo = 2
boid Wall No = 0
position = = (-9.6, -0.3, -2.8)
Boid Radius= 10
Boid Frame=
 -0.19714	-0.95838	-0.20652	-9.58376
-0.65723	-0.02712	0.75320	-0.27116
0.72745	-0.28422	0.62453	-2.84219
0.00000	0.00000	0.00000	1.00000

boidNo = 3
boid Wall No = 1
position = = (-0.4, 9.5, -3.1)
Boid Radius= 10
Boid Frame=
 -0.99915	-0.03637	-0.01930	-0.36366
-0.04058	0.94894	0.31284	9.48938
-0.00694	-0.31336	0.94961	-3.13360
0.00000	0.00000	0.00000	1.00000

boidNo = 4
boid Wall No = 0
position = = (2.2, -9.7, -1.1)
Boid Radius= 10
Boid Frame=
 -0.36115	0.22337	0.90536	2.23372
0.02010	-0.96880	0.24704	-9.68796
-0.93229	-0.10742	-0.34539	-1.07416
0.00000	0.00000	0.00000	1.00000

boidNo = 5
boid Wall No = 1
position = = (0.1, 2.1, -9.8)
Boid Radius= 10
Boid Frame=
 -0.71570	0.00622	-0.69838	0.06222
-0.68158	0.21197	0.70037	2.11967
-0.15239	-0.97726	0.14746	-9.77257
0.00000	0.00000	0.00000	1.00000

boidNo = 6
boid Wall No = 0
position = = (3.0, -9.1, -2.9)
Boid Radius= 10
Boid Frame=
 -0.30365	0.29961	0.90445	2.99615
0.19454	-0.90978	0.36669	-9.09776
-0.93271	-0.28730	-0.21797	-2.87297
0.00000	0.00000	0.00000	1.00000

boidNo = 7
boid Wall No = 1
position = = (9.1, 1.7, -3.9)
Boid Radius= 10
Boid Frame=
 -0.19024	0.90665	-0.37655	9.06651
-0.65887	0.16644	0.73361	1.66440
-0.72780	-0.38766	-0.56570	-3.87662
0.00000	0.00000	0.00000	1.00000

boidNo = 8
boid Wall No = 0
position = = (2.8, -8.5, -4.5)
Boid Radius= 10
Boid Frame=
 -0.91972	0.28343	-0.27164	2.83427
-0.37232	-0.84915	0.37459	-8.49153
0.12449	-0.44566	-0.88651	-4.45656
0.00000	0.00000	0.00000	1.00000

boidNo = 9
boid Wall No = 0
position = = (-6.6, -5.0, -5.6)
Boid Radius= 9.999999
Boid Frame=
 -0.40698	-0.66348	-0.62783	-6.63477
-0.38156	-0.50100	0.77679	-5.01003
0.82993	-0.55569	0.04926	-5.55693
0.00000	0.00000	0.00000	1.00000

boidNo = 10
boid Wall No = 1
position = = (3.7, 9.2, 1.2)
Boid Radius= 10
Boid Frame=
 0.34801	0.36792	-0.86228	3.67918
-0.01809	0.92224	0.38620	9.22237
-0.93731	0.11881	-0.32761	1.18809
0.00000	0.00000	0.00000	1.00000

boidNo = 11
boid Wall No = 1
position = = (9.7, 2.3, -0.3)
Boid Radius= 10
Boid Frame=
 0.15613	0.97310	-0.16942	9.73098
-0.75350	0.22824	0.61656	2.28243
-0.63864	-0.03139	-0.76886	-0.31395
0.00000	0.00000	0.00000	1.00000

boidNo = 12
boid Wall No = 1
position = = (-6.3, 6.4, -4.3)
Boid Radius= 10
Boid Frame=
 -0.75888	-0.63314	0.15240	-6.33142
-0.40411	0.64135	0.65220	6.41349
0.51068	-0.43336	0.74257	-4.33363
0.00000	0.00000	0.00000	1.00000

boidNo = 13
boid Wall No = 0
position = = (4.6, -0.5, -8.9)
Boid Radius= 10
Boid Frame=
 -0.61561	0.45517	-0.64331	4.55166
-0.73816	-0.04719	0.67298	-0.47186
-0.27596	-0.88916	-0.36503	-8.89156
0.00000	0.00000	0.00000	1.00000

boidNo = 14
boid Wall No = 0
position = = (1.0, -9.8, 1.7)
Boid Radius= 10
Boid Frame=
 0.80976	0.09722	0.57865	0.97221
-0.02027	-0.98095	0.19318	-9.80955
-0.58641	0.16816	0.79237	1.68155
0.00000	0.00000	0.00000	1.00000

boidNo = 15
boid Wall No = 0
position = = (6.1, -6.5, 4.4)
Boid Radius= 9.999999
Boid Frame=
 0.35092	0.61494	0.70619	6.14945
-0.27771	-0.65187	0.70565	-6.51874
-0.89428	0.44374	0.05798	4.43738
0.00000	0.00000	0.00000	1.00000

boidNo = 16
boid Wall No = 1
position = = (-9.2, 3.2, -2.5)
Boid Radius= 10
Boid Frame=
 -0.39662	-0.91505	-0.07332	-9.15052
-0.82302	0.31907	0.46992	3.19073
0.40661	-0.24672	0.87966	-2.46722
0.00000	0.00000	0.00000	1.00000

boidNo = 17
boid Wall No = 1
position = = (-2.9, 5.5, 7.8)
Boid Radius= 10
Boid Frame=
 0.57099	-0.29238	0.76713	-2.92379
-0.55805	0.54712	0.62389	5.47118
0.60212	0.78433	-0.14923	7.84332
0.00000	0.00000	0.00000	1.00000

boidNo = 18
boid Wall No = 0
position = = (-9.6, -2.8, 0.2)
Boid Radius= 10
Boid Frame=
 0.20943	-0.95871	-0.19240	-9.58707
-0.65352	-0.28360	0.70177	-2.83602
0.72735	0.02124	0.68593	0.21235
0.00000	0.00000	0.00000	1.00000

boidNo = 19
boid Wall No = 0
position = = (7.1, -3.3, -6.2)
Boid Radius= 10
Boid Frame=
 -0.61085	0.71274	-0.34475	7.12744
-0.72748	-0.33343	0.59966	-3.33432
-0.31245	-0.61711	-0.72219	-6.17106
0.00000	0.00000	0.00000	1.00000

