Iteration Num of Simuation:0
m_SimulationDeltaT of action plan:0
boidNo = 0
boid Wall No = 0
position = = (2.5, -8.9, 3.9)
Boid Radius= 10
Boid Frame=
 0.96227	0.24523	0.11789	2.45226
0.17333	-0.88645	0.42915	-8.86446
-0.20974	0.39253	0.89551	3.92528
0.00000	0.00000	0.00000	1.00000

boidNo = 1
boid Wall No = 0
position = = (2.1, -9.7, 1.2)
Boid Radius= 10
Boid Frame=
 0.54363	0.21206	0.81210	2.12061
0.01244	-0.96949	0.24483	-9.69486
-0.83923	0.12300	0.52968	1.22995
0.00000	0.00000	0.00000	1.00000

boidNo = 2
boid Wall No = 1
position = = (-0.9, 0.2, 10.0)
Boid Radius= 10
Boid Frame=
 0.76390	-0.08901	0.63916	-0.89013
-0.64023	0.01976	0.76793	0.19763
0.08099	0.99583	0.04189	9.95834
0.00000	0.00000	0.00000	1.00000

boidNo = 3
boid Wall No = 0
position = = (0.3, -9.9, -1.3)
Boid Radius= 10
Boid Frame=
 -0.97346	0.03414	0.22630	0.34136
-0.00408	-0.99125	0.13196	-9.91247
-0.22882	-0.12753	-0.96508	-1.27531
0.00000	0.00000	0.00000	1.00000

boidNo = 4
boid Wall No = 1
position = = (-1.6, 9.7, 1.7)
Boid Radius= 10
Boid Frame=
 0.06963	-0.16024	0.98462	-1.60242
-0.16434	0.97169	0.16976	9.71686
0.98394	0.17364	-0.04133	1.73637
0.00000	0.00000	0.00000	1.00000

boidNo = 5
boid Wall No = 1
position = = (2.5, 9.6, -0.8)
Boid Radius= 10
Boid Frame=
 -0.29710	0.25261	-0.92083	2.52608
0.00085	0.96444	0.26430	9.64440
-0.95485	-0.07774	0.28675	-0.77745
0.00000	0.00000	0.00000	1.00000

boidNo = 6
boid Wall No = 1
position = = (-5.0, 4.2, 7.6)
Boid Radius= 10
Boid Frame=
 0.51354	-0.50437	0.69418	-5.04371
-0.55836	0.41787	0.71667	4.17871
0.65155	0.75564	0.06703	7.55641
0.00000	0.00000	0.00000	1.00000

boidNo = 7
boid Wall No = 1
position = = (1.5, 9.6, -2.5)
Boid Radius= 10
Boid Frame=
 -0.22989	0.15386	-0.96098	1.53865
-0.21094	0.95607	0.20354	9.56073
-0.95008	-0.24950	0.18733	-2.49501
0.00000	0.00000	0.00000	1.00000

boidNo = 8
boid Wall No = 0
position = = (-5.7, -1.2, 8.1)
Boid Radius= 10
Boid Frame=
 0.66269	-0.57075	0.48486	-5.70748
-0.65074	-0.11842	0.75001	-1.18420
0.37065	0.81254	0.44988	8.12541
0.00000	0.00000	0.00000	1.00000

boidNo = 9
boid Wall No = 1
position = = (-1.8, 8.5, 5.0)
Boid Radius= 10
Boid Frame=
 0.53399	-0.18008	0.82609	-1.80077
-0.34211	0.84748	0.40588	8.47480
0.77318	0.49935	-0.39094	4.99349
0.00000	0.00000	0.00000	1.00000

boidNo = 10
boid Wall No = 0
position = = (-7.4, -2.0, 6.4)
Boid Radius= 10
Boid Frame=
 0.59274	-0.73823	0.32198	-7.38229
-0.65102	-0.20381	0.73119	-2.03806
0.47416	0.64303	0.60140	6.43025
0.00000	0.00000	0.00000	1.00000

boidNo = 11
boid Wall No = 0
position = = (5.5, -8.4, 0.6)
Boid Radius= 10
Boid Frame=
 0.14901	0.54692	0.82382	5.46917
0.02634	-0.83502	0.54959	-8.35020
-0.98848	0.06020	0.13883	0.60197
0.00000	0.00000	0.00000	1.00000

boidNo = 12
boid Wall No = 0
position = = (2.0, -9.2, 3.3)
Boid Radius= 9.999999
Boid Frame=
 0.86023	0.19822	-0.46980	1.98225
0.32390	-0.92401	0.20320	-9.24013
0.39382	0.32697	0.85907	3.26967
0.00000	0.00000	0.00000	1.00000

boidNo = 13
boid Wall No = 0
position = = (-0.4, -4.0, -9.2)
Boid Radius= 10
Boid Frame=
 -0.85990	-0.03781	-0.50906	-0.37807
-0.45437	-0.39778	0.79707	-3.97781
0.23263	-0.91670	-0.32487	-9.16701
0.00000	0.00000	0.00000	1.00000

boidNo = 14
boid Wall No = 1
position = = (-7.7, 2.9, 5.7)
Boid Radius= 10
Boid Frame=
 0.26695	-0.76728	0.58312	-7.67275
-0.66347	0.29253	0.68864	2.92528
0.69896	0.57072	0.43098	5.70715
0.00000	0.00000	0.00000	1.00000

boidNo = 15
boid Wall No = 1
position = = (-2.6, 9.6, 1.0)
Boid Radius= 10
Boid Frame=
 -0.15784	-0.26217	0.95203	-2.62168
-0.14017	0.96030	0.24121	9.60298
0.97746	0.09538	0.18833	0.95376
0.00000	0.00000	0.00000	1.00000

boidNo = 16
boid Wall No = 1
position = = (-6.8, 4.1, 6.1)
Boid Radius= 10
Boid Frame=
 0.35365	-0.67635	0.64613	-6.76349
-0.55102	0.40755	0.72820	4.07546
0.75585	0.61356	0.22855	6.13563
0.00000	0.00000	0.00000	1.00000

boidNo = 17
boid Wall No = 1
position = = (-2.8, 5.7, -7.7)
Boid Radius= 10
Boid Frame=
 -0.83305	-0.27946	-0.47741	-2.79461
-0.54346	0.57459	0.61196	5.74593
-0.10330	-0.76925	0.63054	-7.69249
0.00000	0.00000	0.00000	1.00000

boidNo = 18
boid Wall No = 1
position = = (3.5, 3.3, -8.8)
Boid Radius= 10
Boid Frame=
 -0.64024	0.34902	-0.68431	3.49015
-0.60040	0.32834	0.72919	3.28337
-0.47918	-0.87771	0.00067	-8.77715
0.00000	0.00000	0.00000	1.00000

boidNo = 19
boid Wall No = 0
position = = (1.1, -0.7, 9.9)
Boid Radius= 10
Boid Frame=
 0.78628	0.11487	0.60710	1.14869
-0.60255	-0.07489	0.79456	-0.74893
-0.13674	0.99055	-0.01033	9.90554
0.00000	0.00000	0.00000	1.00000

