Iteration Num of Simuation:0
m_SimulationDeltaT of action plan:0
boidNo = 0
boid Wall No = 0
position = = (0.2, -10.0, -0.3)
Boid Radius= 10
Boid Frame=
 -0.84657	0.01819	0.53196	0.18186
0.00060	-0.99938	0.03511	-9.99383
-0.53227	-0.03004	-0.84604	-0.30044
0.00000	0.00000	0.00000	1.00000

boidNo = 1
boid Wall No = 0
position = = (7.6, -6.4, -0.6)
Boid Radius= 10
Boid Frame=
 -0.35709	0.76498	0.53600	7.64978
-0.34347	-0.64117	0.68625	-6.41166
-0.86863	-0.06096	-0.49170	-0.60956
0.00000	0.00000	0.00000	1.00000

boidNo = 2
boid Wall No = 1
position = = (5.0, 5.6, -6.7)
Boid Radius= 10
Boid Frame=
 -0.50455	0.49659	-0.70628	4.96586
-0.43797	0.55777	0.70504	5.57766
-0.74405	-0.66506	0.06393	-6.65056
0.00000	0.00000	0.00000	1.00000

boidNo = 3
boid Wall No = 1
position = = (-6.0, 8.0, 0.2)
Boid Radius= 10
Boid Frame=
 -0.71429	-0.60360	0.35419	-6.03597
-0.55377	0.79694	0.24132	7.96935
0.42793	0.02377	0.90350	0.23769
0.00000	0.00000	0.00000	1.00000

boidNo = 4
boid Wall No = 0
position = = (6.9, -2.1, -6.9)
Boid Radius= 10
Boid Frame=
 -0.67209	0.69143	-0.26498	6.91429
-0.53672	-0.20837	0.81763	-2.08365
-0.51012	-0.69174	-0.51115	-6.91744
0.00000	0.00000	0.00000	1.00000

boidNo = 5
boid Wall No = 0
position = = (-0.2, -9.4, 3.4)
Boid Radius= 10
Boid Frame=
 0.87863	-0.02490	-0.47686	-0.24899
0.14332	-0.93885	0.31309	-9.38849
0.45550	0.34343	0.82133	3.43429
0.00000	0.00000	0.00000	1.00000

boidNo = 6
boid Wall No = 1
position = = (2.8, 2.5, -9.3)
Boid Radius= 10
Boid Frame=
 -0.56519	0.27619	-0.77735	2.76187
-0.73856	0.25041	0.62596	2.50413
-0.36754	-0.92791	-0.06245	-9.27909
0.00000	0.00000	0.00000	1.00000

boidNo = 7
boid Wall No = 0
position = = (4.3, -8.1, -4.0)
Boid Radius= 10
Boid Frame=
 -0.66311	0.43065	0.61223	4.30652
0.01325	-0.81104	0.58484	-8.11037
-0.74841	-0.39593	-0.53210	-3.95926
0.00000	0.00000	0.00000	1.00000

boidNo = 8
boid Wall No = 0
position = = (7.1, -0.2, 7.0)
Boid Radius= 10
Boid Frame=
 0.49217	0.71319	0.49912	7.13194
-0.70061	-0.01576	0.71337	-0.15759
-0.51664	0.70079	-0.49191	7.00790
0.00000	0.00000	0.00000	1.00000

boidNo = 9
boid Wall No = 0
position = = (-5.6, -8.0, -2.1)
Boid Radius= 10
Boid Frame=
 -0.35026	-0.56037	-0.75054	-5.60368
-0.00297	-0.80063	0.59915	-8.00628
0.93665	-0.21209	-0.27876	-2.12090
0.00000	0.00000	0.00000	1.00000

boidNo = 10
boid Wall No = 1
position = = (-0.7, 10.0, 0.3)
Boid Radius= 10
Boid Frame=
 0.67832	-0.06787	0.73163	-0.67871
0.02162	0.99714	0.07246	9.97137
0.73445	0.03333	-0.67784	0.33331
0.00000	0.00000	0.00000	1.00000

boidNo = 11
boid Wall No = 1
position = = (-0.7, 9.9, -1.3)
Boid Radius= 10
Boid Frame=
 -0.72309	-0.06610	0.68759	-0.66100
0.04260	0.98925	0.13990	9.89248
0.68944	-0.13046	0.71250	-1.30455
0.00000	0.00000	0.00000	1.00000

boidNo = 12
boid Wall No = 1
position = = (-0.7, 0.5, -10.0)
Boid Radius= 10
Boid Frame=
 -0.76417	-0.07348	-0.64081	-0.73482
-0.64464	0.05335	0.76262	0.53349
0.02185	-0.99587	0.08814	-9.95869
0.00000	0.00000	0.00000	1.00000

boidNo = 13
boid Wall No = 1
position = = (0.1, 8.9, -4.5)
Boid Radius= 10
Boid Frame=
 -0.75445	0.00872	-0.65630	0.08718
-0.28933	0.89310	0.34447	8.93098
-0.58914	-0.44978	0.67128	-4.49777
0.00000	0.00000	0.00000	1.00000

boidNo = 14
boid Wall No = 0
position = = (0.0, -9.0, -4.4)
Boid Radius= 10
Boid Frame=
 -0.94846	0.00358	0.31686	0.03583
0.13669	-0.89749	0.41931	-8.97493
-0.28589	-0.44101	-0.85075	-4.41014
0.00000	0.00000	0.00000	1.00000

boidNo = 15
boid Wall No = 0
position = = (4.6, -5.2, -7.2)
Boid Radius= 10
Boid Frame=
 -0.85866	0.45697	-0.23212	4.56971
-0.47102	-0.52495	0.70892	-5.24950
-0.20210	-0.71806	-0.66599	-7.18057
0.00000	0.00000	0.00000	1.00000

boidNo = 16
boid Wall No = 1
position = = (0.6, 10.0, 0.4)
Boid Radius= 10
Boid Frame=
 0.94814	0.05681	-0.31275	0.56810
-0.04066	0.99749	0.05793	9.97492
-0.31526	0.04221	-0.94807	0.42212
0.00000	0.00000	0.00000	1.00000

boidNo = 17
boid Wall No = 1
position = = (9.8, 1.8, 0.3)
Boid Radius= 10
Boid Frame=
 0.14448	0.98394	-0.10479	9.83942
-0.66737	0.17509	0.72386	1.75091
-0.73058	0.03465	-0.68195	0.34649
0.00000	0.00000	0.00000	1.00000

boidNo = 18
boid Wall No = 0
position = = (-0.5, -8.7, 4.8)
Boid Radius= 10
Boid Frame=
 0.99847	-0.05458	0.00846	-0.54583
-0.05184	-0.87333	0.48437	-8.73328
0.01905	0.48406	0.87482	4.84065
0.00000	0.00000	0.00000	1.00000

boidNo = 19
boid Wall No = 0
position = = (-6.7, -4.6, 5.8)
Boid Radius= 10
Boid Frame=
 0.74042	-0.67144	0.03089	-6.71437
-0.45193	-0.46329	0.76231	-4.63289
0.49753	0.57839	0.64647	5.78391
0.00000	0.00000	0.00000	1.00000

