Iteration Num of Simuation:0
m_SimulationDeltaT of action plan:0
boidNo = 0
boid Wall No = 1
position = = (-4.1, 8.5, -3.3)
Boid Radius= 10
Boid Frame=
 -0.86180	-0.40594	0.30415	-4.05942
-0.23637	0.85192	0.46729	8.51923
0.44881	-0.33082	0.83014	-3.30815
0.00000	0.00000	0.00000	1.00000

boidNo = 1
boid Wall No = 0
position = = (-7.7, -6.4, 0.9)
Boid Radius= 9.999999
Boid Frame=
 0.31245	-0.76736	-0.55994	-7.67359
-0.25349	-0.63543	0.72936	-6.35431
0.91549	0.08595	0.39306	0.85945
0.00000	0.00000	0.00000	1.00000

boidNo = 2
boid Wall No = 0
position = = (6.2, -5.2, -5.9)
Boid Radius= 10
Boid Frame=
 -0.77450	0.61854	-0.13251	6.18542
-0.53122	-0.52225	0.66713	-5.22250
-0.34344	-0.58708	-0.73307	-5.87078
0.00000	0.00000	0.00000	1.00000

boidNo = 3
boid Wall No = 0
position = = (7.3, -6.0, 3.3)
Boid Radius= 9.999999
Boid Frame=
 -0.62172	0.72668	0.29223	7.26683
-0.78116	-0.60247	-0.16378	-6.02468
-0.05704	0.33010	-0.94222	3.30099
0.00000	0.00000	0.00000	1.00000

boidNo = 4
boid Wall No = 0
position = = (-5.0, -7.0, 5.1)
Boid Radius= 10
Boid Frame=
 0.82945	-0.50132	-0.24636	-5.01320
-0.21843	-0.69702	0.68297	-6.97023
0.51410	0.51268	0.68765	5.12677
0.00000	0.00000	0.00000	1.00000

boidNo = 5
boid Wall No = 0
position = = (4.2, -8.8, 2.2)
Boid Radius= 10
Boid Frame=
 0.42999	0.41846	0.80000	4.18457
-0.02390	-0.88051	0.47342	-8.80514
-0.90252	0.22269	0.36861	2.22687
0.00000	0.00000	0.00000	1.00000

boidNo = 6
boid Wall No = 0
position = = (-0.6, -7.8, -6.2)
Boid Radius= 10
Boid Frame=
 -0.98992	-0.05748	-0.12947	-0.57478
-0.03607	-0.78158	0.62276	-7.81579
0.13699	-0.62115	-0.77162	-6.21152
0.00000	0.00000	0.00000	1.00000

boidNo = 7
boid Wall No = 0
position = = (-0.3, -9.9, -1.2)
Boid Radius= 10
Boid Frame=
 -0.91856	-0.02917	-0.39421	-0.29174
-0.02140	-0.99214	0.12329	-9.92141
0.39471	-0.12168	-0.91071	-1.21681
0.00000	0.00000	0.00000	1.00000

boidNo = 8
boid Wall No = 0
position = = (2.8, -9.6, 0.6)
Boid Radius= 10
Boid Frame=
 -0.87583	0.27653	0.39555	2.76527
-0.27761	-0.95907	0.05580	-9.59072
-0.39479	0.06094	-0.91675	0.60941
0.00000	0.00000	0.00000	1.00000

boidNo = 9
boid Wall No = 1
position = = (-4.7, 0.3, 8.8)
Boid Radius= 9.999999
Boid Frame=
 0.27832	-0.47016	0.83755	-4.70156
-0.94340	0.02994	0.33030	0.29939
0.18037	0.88208	0.43521	8.82076
0.00000	0.00000	0.00000	1.00000

boidNo = 10
boid Wall No = 0
position = = (-3.0, -9.5, 0.9)
Boid Radius= 10
Boid Frame=
 0.33696	-0.30095	-0.89212	-3.00955
-0.02145	-0.94974	0.31229	-9.49744
0.94128	0.08610	0.32648	0.86095
0.00000	0.00000	0.00000	1.00000

boidNo = 11
boid Wall No = 0
position = = (-2.0, -9.7, 1.5)
Boid Radius= 10
Boid Frame=
 0.71759	-0.20212	-0.66649	-2.02122
-0.04356	-0.96811	0.24669	-9.68115
0.69510	0.14799	0.70351	1.47989
0.00000	0.00000	0.00000	1.00000

boidNo = 12
boid Wall No = 1
position = = (-3.8, 8.9, 2.6)
Boid Radius= 10
Boid Frame=
 0.13269	-0.37733	0.91652	-3.77331
-0.22152	0.89002	0.39849	8.90020
0.96609	0.25590	-0.03451	2.55901
0.00000	0.00000	0.00000	1.00000

boidNo = 13
boid Wall No = 1
position = = (1.7, 9.4, -2.9)
Boid Radius= 9.999999
Boid Frame=
 -0.60479	0.16676	-0.77873	1.66762
-0.13193	0.94334	0.30448	9.43338
-0.78538	-0.28689	0.54852	-2.86887
0.00000	0.00000	0.00000	1.00000

boidNo = 14
boid Wall No = 0
position = = (-8.1, -5.4, -2.2)
Boid Radius= 10
Boid Frame=
 0.00458	-0.81024	-0.58607	-8.10245
-0.38404	-0.54256	0.74709	-5.42562
0.92331	-0.22165	0.31365	-2.21653
0.00000	0.00000	0.00000	1.00000

boidNo = 15
boid Wall No = 1
position = = (0.8, 9.8, -1.5)
Boid Radius= 10
Boid Frame=
 -0.41562	0.08191	-0.90584	0.81910
-0.10509	0.98494	0.13728	9.84941
-0.90345	-0.15226	0.40075	-1.52256
0.00000	0.00000	0.00000	1.00000

boidNo = 16
boid Wall No = 0
position = = (4.2, -4.2, -8.0)
Boid Radius= 10
Boid Frame=
 -0.20449	0.42149	-0.88348	4.21492
-0.90676	-0.42156	0.00876	-4.21564
0.36875	-0.80289	-0.46840	-8.02888
0.00000	0.00000	0.00000	1.00000

boidNo = 17
boid Wall No = 1
position = = (4.4, 0.1, 9.0)
Boid Radius= 10
Boid Frame=
 0.67420	0.44338	0.59066	4.43375
-0.66252	0.00964	0.74898	0.09639
-0.32639	0.89628	-0.30024	8.96284
0.00000	0.00000	0.00000	1.00000

boidNo = 18
boid Wall No = 1
position = = (-0.8, 1.1, -9.9)
Boid Radius= 10
Boid Frame=
 -0.62576	-0.07534	-0.77637	-0.75337
-0.77906	0.10968	0.61728	1.09682
-0.03865	-0.99111	0.12733	-9.91108
0.00000	0.00000	0.00000	1.00000

boidNo = 19
boid Wall No = 1
position = = (2.9, 5.3, -7.9)
Boid Radius= 10
Boid Frame=
 -0.15908	0.29000	-0.94371	2.89997
-0.79077	0.53487	0.29766	5.34871
-0.59109	-0.79361	-0.14423	-7.93609
0.00000	0.00000	0.00000	1.00000

